1.020184
0.8934677
1.71363
1.182457
1.695841
0.7269697
0.3962012
2.84109
1.174459
0.8317761
1.228481
2.099854
1.250743
0.4392824
0.5639279
0.4469688
0.3667391
1.051944
0.795916
1.267993
0.8032968
0.4557339
0.3212427
1.248895
2.725483
1.536567
0.5840926
1.621897
1.5556
0.6998289
0.3944371
0.6121431
2.374796
1.152327
2.022878
1.018579
0.5478891
1.437944
1.24974
2.005436
1.068873
0.5006883
0.8917791
0.9492608
1.501044
0.6258429
1.831982
0.2728508
1.878209
1.69356
1.314111
0.6282063
0.6299351
0.6073968
0.6509729
1.033972
1.095442
0.6452622
0.9812553
0.7703461
0.7378653
1.199738
1.23452
2.308346
1.538043
0.9289781
0.8375408
0.893152
0.3192921
1.842257
0.7255963
1.738558
0.3502622
0.6936102
0.3048606
1.885526
1.189377
1.139381
1.224387
1.040886
0.3270865
1.014639
0.8935903
0.206307
1.65166
1.071743
0.9577162
0.4864633
0.9758941
1.002704
0.6902259
1.315126
1.191361
1.252776
0.8777538
1.531455
2.987707
0.7884359
1.467023
1.137652
1.091164
1.030927
2.614469
1.271534
1.095353
1.287793
2.198925
0.9498648
0.6479044
1.11396
1.219192
1.197269
0.7518295
1.267759
2.226316
1.694042
0.9551793
0.5682607
0.5018578
2.067008
1.47077
1.701909
0.7129775
0.8569164
2.173465
2.429679
0.3493035
1.661491
0.308734
0.749912
1.283177
4.023735
1.213353
0.4745747
1.491598
0.7938665
2.265699
0.2655316
0.7859501
0.8065793
0.7984688
0.7191212
0.4806204
1.156897
2.318975
1.64931
2.051691
0.9390466
0.4004067
2.346346
1.171077
0.6582651
0.6566772
0.8403558
1.123911
0.946761
0.874355
0.6065195
1.114366
2.348217
1.314831
1.800022
1.543423
0.887865
0.5316624
0.4671089
0.4310866
1.060971
1.519618
0.5269895
0.6674268
1.489127
0.6798422
1.84981
0.6849144
0.7018791
1.172833
0.7266362
0.3637935
0.9916288
1.201923
2.769728
2.100638
1.463309
1.480384
1.648239
0.5666254
0.4083694
0.6537483
0.5004038
0.4253223
0.4035296
0.8284075
0.6194407
1.390506
1.034104
2.065397
0.9233281
0.5522245
0.6970467
1.014661
0.5374786
0.9369741
0.5785154
0.4243931
1.933634
1.9897
0.9185385
1.031088
1.420706
0.4324113
1.421637
1.654642
1.977797
3.335549
1.955192
0.587998
1.29667
0.5171339
0.8538084
1.356359
2.084529
1.347512
1.859256
1.083177
1.146928
0.9456141
0.9434879
2.104308
0.6424074
2.857908
0.4125865
1.940015
1.285991
0.3556968
0.4577945
0.5174436
1.284683
0.3490141
0.5644078
1.021287
0.1410884
1.514243
0.2948907
0.559754
2.714186
1.899122
1.66588
1.112302
0.9920581
1.531217
0.7728448
1.017485
0.3098567
0.3250879
1.596332
1.304379
1.157143
1.280195
2.61294
0.9919794
2.363239
1.72365
1.521593
0.3446305
0.8818493
2.133557
1.300223
2.25808
2.009113
0.8005575
0.6905166
1.070201
1.269108
0.6722327
0.9568388
0.9477798
0.464049
0.8934599
1.278328
1.379928
0.4758426
0.637136
0.4470157
1.827298
1.076248
0.215756
1.146517
2.478057
0.122273
0.75577
0.855867
1.426879
0.3237209
1.751534
2.235627
1.663802
0.795769
0.5667384
0.9174243
1.520278
2.424976
1.358608
0.5681771
0.4095572
0.572003
1.023201
2.031324
0.8659567
0.2245665
1.462736
0.7391447
0.503635
1.471395
1.64667
0.3014133
0.9773035
1.162404
1.648388
1.382254
0.9549418
0.4225382
0.4367983
1.744672
3.149244
1.173011
0.3961639
1.525111
3.356905
1.085621
2.576701
1.337937
1.068794
0.9208333
1.827031
0.2620074
0.6555929
1.223584
0.7470837
1.471028
0.2491125
0.9542292
1.357304
1.352224
0.7355839
0.6881754
0.6120032
2.613927
0.5939955
1.653207
2.33045
1.510543
1.052631
0.3645338
1.341667
1.281343
0.804534
1.225221
1.253271
0.376947
1.391778
0.745061
0.1933607
0.9281617
0.8578349
0.891736
1.04632
1.722875
1.277906
1.495019
1.110732
1.78205
0.7647318
0.4689671
0.4290812
0.5996242
0.2812305
1.223109
0.09011514
1.681398
0.9206148
0.7800452
0.7559384
2.99029
2.930298
2.733321
0.9424251
0.6307031
1.024454
0.527386
2.51889
0.1245449
0.5696611
2.005581
0.6160399
1.434045
1.651073
0.7968581
1.226084
0.172449
0.515918
0.8327986
1.330179
1.148961
1.108063
0.5069251
0.6257053
0.5662126
0.7159127
1.973943
0.5223674
0.7791374
0.7052133
0.3777743
0.8046549
0.7399566
0.4066251
0.3145558
0.3400892
2.124026
1.130962
0.4621998
0.9945056
1.013015
0.7226593
0.931635
1.389781
0.7055209
0.4933441
0.5620332
1.14419
0.7487034
2.040983
0.7478388
0.7512722
1.119872
1.186651
0.6582809
1.176762
0.5348666
1.221179
0.2753286
1.669557
1.224808
1.77894
1.25435
0.7567285
0.6578278
1.034907
1.455645
2.567297
2.076808
0.7148347
0.7105195
1.56274
0.16131
0.8493567
1.004595
1.524589
1.702715
1.982165
2.422497
1.398441
1.529827
1.122648
0.4840247
1.180996
0.6813707
0.9597745
1.799663
2.272862
1.976282
0.6681647
0.4915084
1.754059
1.89676
0.5136277
0.6488831
1.381746
2.112952
2.03048
0.8585556
0.5338826
0.7559653
0.8228119
0.5674606
1.009966
0.2399763
0.813346
3.116439
0.7137109
0.3759757
1.662492
0.309668
0.1994769
0.5118544
0.9311928
1.456518
0.5948538
0.5300518
2.29043
1.182575
0.1702525
1.341396
1.410521
0.9173352
0.500725
0.4878697
0.6314502
0.9547538
1.397728
1.689305
1.466347
0.411167
1.48237
0.6660578
1.506838
0.3335588
0.8551458
1.546444
2.476268
1.823128
1.197306
2.619307
0.7521101
0.8201518
1.074137
1.666853
0.7276256
1.289276
1.364889
2.333536
1.183129
0.9765434
0.2459515
1.871152
0.314861
0.5591091
1.702078
1.940165
2.617543
1.139879
0.4018638
0.6335571
1.307332
1.065273
0.7512079
1.549459
0.5520228
1.202364
0.6915251
0.924538
2.110177
2.0464
0.5969556
1.488161
0.5217665
1.360733
0.224074
0.7900385
0.9082893
1.202468
1.0252
0.9772199
2.143894
0.7023314
0.7362944
2.565983
0.9518278
1.572457
0.7602824
1.182566
2.707908
0.780871
0.8147035
0.6675579
0.6148018
1.087667
1.073434
0.4282426
2.984427
0.9764886
1.25227
1.177565
1.275678
0.9395806
1.8103
1.537089
1.734982
1.846233
2.823146
1.050593
2.334754
1.207212
0.8887558
2.145932
1.06201
0.7956632
1.321369
1.112009
1.77278
1.264439
0.3379727
0.456831
0.9532863
1.749371
1.868197
1.384747
0.6558872
0.5089504
0.7339657
0.6556607
2.271282
1.031033
2.087969
0.9401226
0.60486
0.8602507
2.397614
1.273476
1.351286
0.6754189
1.036219
0.6224762
1.023756
0.5241637
0.9332084
0.7911121
2.669734
0.9645475
1.52463
2.469107
1.114279
0.2469117
1.651708
2.811365
1.105947
1.694068
0.2837967
1.061981
0.584049
1.443118
0.7549035
1.859981
0.9755629
1.786182
0.5817911
0.2015363
1.716054
3.536803
1.83472
1.027093
1.475825
0.8819494
0.7661362
0.1513972
0.4177689
0.503282
1.980075
1.092409
0.51275
0.4555475
1.129917
0.5015663
0.2697159
1.862188
1.502229
1.962405
0.7678163
0.6338627
0.886443
1.756859
1.68932
0.5898285
1.908282
2.520481
0.9785486
0.2605098
2.105537
1.129859
1.338848
1.700269
0.5027921
0.6010818
1.268818
0.5533335
0.978483
0.3710659
0.9412524
2.598299
0.8129836
1.476198
0.9387661
1.114625
2.859329
1.261825
0.7724078
0.7856613
0.3045779
1.356537
1.039855
0.5307947
0.3470048
1.448487
2.318363
1.773547
1.766892
1.358479
2.44658
0.8256335
0.7893249
0.7277136
1.169692
0.4619658
1.150177
1.444627
0.9171401
1.0725
0.7739837
0.6628067
0.6236318
1.493453
2.095581
0.6460177
1.311006
2.147098
1.388136
1.577202
2.67521
1.21787
1.410201
1.574544
2.93649
2.048761
1.09796
0.8448566
1.989979
0.8615044
0.7613572
1.332755
1.176332
0.9890644
1.002294
1.543836
3.901428
0.6182914
0.6370681
1.658597
0.4701481
1.257009
1.794667
1.069405
1.073468
0.2019459
2.896241
0.413019
1.687815
1.833309
0.7842478
1.263722
1.253344
0.3915019
1.476586
1.121741
2.764737
0.7684446
1.474688
1.332317
0.6719806
1.280186
0.8560897
0.2420893
0.686469
0.3902698
0.8058505
1.732868
0.8816791
1.122733
0.6210115
1.569468
0.8406313
1.761448
1.795701
1.480006
0.3384612
2.85484
0.7409313
0.3260451
0.8985148
1.459963
1.141758
1.05949
0.3949013
0.6178535
0.9655542
1.146379
1.772774
1.585325
0.3938823
0.9733218
0.5009451
0.3604564
0.7135556
1.369252
0.8840754
1.109253
0.298915
0.6005397
1.279236
1.697558
2.71896
0.809772
0.5505423
1.883867
2.247685
1.304741
1.379031
0.5415133
0.429239
0.6496026
0.4849982
1.720099
0.5823929
2.522717
1.050145
1.482526
0.5558401
2.454585
0.2372808
1.257183
1.318814
0.4743877
0.9978578
1.315345
1.701529
1.578547
1.210401
1.015993
0.35647
1.350013
2.411761
0.3667588
0.7125822
1.05656
0.6378954
2.415362
0.6983388
2.314238
0.498899
1.669671
1.135579
2.791324
1.529676
0.8181323
0.8314612
1.121131
1.51049
1.413748
0.7662388
1.641178
0.5256527
1.44353
0.4289339
0.7229297
0.9708617
0.2530388
1.82172
2.023352
1.195086
1.05183
1.493992
1.354111
0.7955605
1.150721
1.823153
2.106821
1.107927
1.719605
2.554318
0.6669539
0.694238
1.217248
0.5318435
1.011007
1.309339
0.9568876
0.698291
1.005098
1.719701
1.657742
0.7429083
0.2227418
0.313274
1.572545
0.5423998
2.046546
0.9411094
0.6443112
0.4750804
2.15298
0.3954281
1.987374
2.249034
0.6019961
2.073033
0.742858
1.102272
1.003142
1.002849
2.282154
0.5270734
1.18268
0.2158383
1.293687
1.451705
1.264246
1.294422
1.301633
0.360055
0.8765354
0.4941612
1.054696
0.8217312
1.29589
1.082133
0.7671634
0.8854016
0.8744799
0.8918859
1.339639
0.8806466
0.9254982
1.206036
1.483662
0.494755
2.356874
1.304601
0.3242301
1.527716
0.4832534
1.193288
2.172411
0.8345697
1.886523
0.3181073
1.953653
1.670878
0.6662334
0.3975509
0.8691035
1.434617
0.5100199
0.5502149
0.3047359
0.6678706
0.1338223
1.338828
3.222955
1.272352
0.2460977
0.6967631
0.951056
3.322493
1.341381
1.728881
2.865985
0.9334934
0.9506384
0.8333022
1.650025
1.659016
0.7950281
2.458041
1.506817
0.3783182
0.7156389
1.174503
0.3119377
1.751253
0.1045823
0.2898536
2.672175
1.106052
0.9674534
0.7164585
1.747921
1.043848
1.324125
2.414916
2.19931
1.556133
0.465338
0.4750959
0.7965346
1.758514
0.5015641
1.350287
0.9890605
1.439362
0.5210852
1.29168
0.4972898
1.238532
0.263909
0.6241157
3.113398
0.7217202
0.6775799
1.642151
2.502392
1.085402
1.542694
0.5454754
0.179645
0.3996671
0.6937618
1.774203
0.520314
0.9717569
1.355528
0.3616121
1.058322
0.7897545
1.181831
0.5634075
1.826135
2.35707
0.8530024
0.1278125
0.6975891
0.8713646
1.448852
0.591124
1.665834
4.24608
1.904431
0.9618694
3.084455
0.3741532
0.8152573
0.7466809
0.8911205
1.378343
1.854756
0.3460071
0.793344
0.3606354
1.296468
0.9567634
1.036673
1.90998
1.883986
2.717155
0.2932689
0.5425452
0.7056863
0.5551545
0.9989199
2.404697
0.7445431
0.5103452
1.632809
0.5777171
0.8393203
1.573857
1.129366
0.5662951
0.65081
0.7700639
2.349225
1.095301
1.514311
1.893455
0.4235154
1.292529
0.4221268
0.7507532
2.877604
1.397495
0.9132357
0.4991663
1.789699
0.334454
0.4258374
0.3043526
1.331464
0.2247093
2.652144
0.7010598
0.6314677
0.4657646
0.9102553
0.8693237
1.05001
1.063376
2.264173
2.146131
0.553939
0.968426
2.721596
1.761699
1.512194
1.470682
1.506229
1.516776
1.247652
0.7214736
1.097811
0.6684346
0.9214757
0.9618559
0.3180851
1.300979
1.346311
0.5581169
1.76439
0.6388689
1.069676
1.973738
0.2749945
0.7868907
0.6453582
0.2373665
1.221696
0.9826762
1.313953
1.244474
0.8066555
0.2437209
1.527335
1.150655
0.6338766
1.13608
0.7779306
0.6396404
1.721856
1.123283
1.609535
0.8495004
1.214468
1.144742
1.161921
1.896154
1.016911
0.7426259
0.5238847
3.352143
2.050327
0.9827063
0.7171137
0.2228821
0.619047
3.258334
1.361976
2.372825
1.297796
1.874485
2.355093
1.002805
2.105467
0.8536651
1.432073
1.310159
1.794151
0.237892
1.278353
1.550128
0.8852984
1.780583
1.205304
1.441716
0.3055481
1.045753
0.9647399
2.224084
2.654603
1.198371
1.258161
2.407052
0.8880063
1.654391
0.9456287
0.907777
0.6555633
1.310835
2.915139
0.8188132
1.465681
0.5602768
1.907565
0.909824
0.7439402
1.822173
1.29745
1.911774
0.6983808
2.2372
1.160147
2.241905
0.4822918
0.572427
0.9755349
2.118427
0.5294063
1.873658
1.20916
0.9694518
1.686408
1.349725
1.089392
1.075276
0.6075769
1.993098
0.4815761
2.267877
1.053756
1.237235
0.3487462
0.9119404
0.476097
0.4514324
1.813517
2.267117
0.6518932
0.8979496
0.5744921
0.9489849
2.774529
0.9555159
0.5830043
0.6854571
0.3190258
0.8392164
1.163178
0.4766941
0.394884
2.402352
0.5108295
0.7879218
0.4456021
0.5691427
0.7554514
1.206912
2.233106
1.024441
0.8083372
2.440283
0.9536518
0.8464531
0.5048534
0.9496846
2.812994
0.7093231
0.8115031
0.94359
1.502834
0.3063866
1.36185
1.335072
0.7342452
0.5319806
1.848906
1.067692
0.5817545
2.061158
1.336783
0.8207182
0.323469
0.7592362
1.272324
1.945247
0.7735747
0.2929759
1.143897
1.235764
1.417493
0.9334143
0.4460993
1.362334
1.819709
1.03121
1.124666
0.7603225
0.4201842
0.7653959
0.7769956
0.1904451
1.206256
1.25017
0.8700419
0.3879184
1.896956
0.3605437
0.6801307
1.598916
0.7821318
1.364661
1.621373
1.112256
0.9767465
0.9287398
0.4367108
1.229963
2.820146
1.969519
0.7532705
1.580801
1.108468
0.5936769
0.3640323
0.6852255
1.01399
2.152347
1.295783
0.9041194
1.98455
0.761882
1.581421
0.811126
0.6692525
1.6722
1.670282
1.279528
1.755516
2.878095
1.960328
2.839712
1.609171
0.2754941
1.646886
0.9099991
1.579134
2.206143
1.000512
1.678494
1.221269
1.517477
1.494889
2.77364
1.548591
0.2344524
2.226772
1.759181
0.6965714
1.342894
0.9061612
1.10411
1.034848
1.258588
0.4831585
2.79011
0.7033282
1.343489
1.881937
2.618651
1.056921
1.069818
1.57051
0.3023551
1.133922
2.091911
2.107024
1.358878
1.410934
0.674772
2.010807
0.6781043
2.411931
0.5771806
2.318945
2.089804
0.6634275
2.033234
2.245061
0.1464924
0.9757193
0.6996408
1.994799
1.806811
3.267138
0.7065976
1.843939
1.187697
2.042434
1.252804
1.200585
0.6928488
0.846419
1.542891
1.730627
3.279013
1.272355
1.441186
0.4087935
2.044517
1.120108
0.7134914
0.4868743
1.155978
2.068117
0.7824769
1.465133
0.8666408
0.7703282
0.6400841
0.75609
0.6240081
0.9086609
1.527395
1.39748
1.327464
0.8979905
0.7012696
1.5265
1.49942
0.8066047
0.5166642
0.5215064
2.124545
0.2213295
0.9578156
1.622788
2.330388
0.6883627
2.296267
0.6442956
0.5089273
0.856955
0.8866949
1.294451
2.726813
0.2187497
2.280378
0.638846
1.714493
0.4143974
0.7059838
0.6695359
1.371053
1.90227
0.2922702
0.2330835
1.886184
1.223332
1.300503
0.7710204
1.144917
0.7251266
1.223326
0.2437248
0.7813775
0.4627414
1.521621
1.297035
1.171735
0.5376183
0.4452921
0.9824185
1.254192
1.703461
1.070261
1.718783
0.2758725
1.002222
1.150919
0.9702478
2.436206
0.6737441
1.559019
0.5075273
1.974077
1.262702
0.7599699
1.761102
0.5377414
0.5363895
2.782085
0.6345951
0.9973111
0.3238163
0.4692453
1.258265
2.106815
1.045315
1.266744
0.9696268
1.428049
2.098341
1.225206
1.242618
1.363879
1.092853
0.7288901
0.5726571
0.338071
1.306858
1.86215
3.448273
2.384756
0.4636333
0.2692374
1.301245
0.575144
1.119539
1.562526
1.315927
1.31747
1.599461
0.910412
0.6833444
0.4982142
0.581588
0.9027549
1.231121
0.9178286
0.3969548
1.237637
2.043618
1.602665
0.7731715
0.9109166
1.842287
1.582231
1.853863
0.2812624
1.721648
1.529865
1.169533
1.089586
1.062663
0.5679286
1.197643
0.819325
1.511496
1.445958
0.9386903
0.2559957
1.409657
1.339155
1.191815
3.034953
0.7332523
1.276542
0.7222861
1.359504
1.074048
0.9027163
0.6744605
0.9342183
1.368839
1.173685
0.922455
1.393715
0.4167385
1.373104
0.534177
0.5328523
1.370646
2.327802
0.4639761
1.101964
1.035261
0.7147597
0.3140251
0.4982967
0.7531282
1.794161
1.228828
0.929154
0.5414184
0.9151323
0.9822601
0.7883397
0.9204529
2.120205
0.5231807
0.910832
0.5019122
1.237445
0.716762
0.3678108
1.686332
1.076135
0.5542262
4.256452
0.9688654
1.244082
0.547926
0.8257383
0.270391
0.4096022
1.158048
0.4935403
2.583217
1.979149
1.344944
0.7596503
2.240284
1.476498
1.067132
0.6728687
0.5521733
0.693568
2.276296
1.847795
0.6299265
0.3704035
1.073302
1.057364
1.945007
2.553215
1.843491
1.157513
4.052556
1.316066
2.323747
2.756378
1.106324
1.104141
1.718636
2.419739
1.552565
1.626979
0.9209875
0.8359414
1.213665
0.7068236
0.3218394
0.7115088
0.3495079
0.6086011
0.7339587
1.604265
0.7897939
0.5191536
1.639889
1.788079
0.9286953
2.232581
0.7845766
0.52317
0.9383514
3.005796
0.8570212
1.213557
0.732836
1.391554
0.7588454
1.075775
0.8087441
0.3611655
0.9524749
0.9349051
2.260609
0.5536821
2.584793
0.8715341
0.5791926
1.530382
0.6438692
2.579427
0.6085658
3.060559
1.148043
0.6627507
0.4984854
2.421543
0.5708834
1.984755
0.7099351
1.288817
3.69314
0.4816508
1.584763
2.235043
2.24084
1.665883
1.662407
1.608445
0.6934366
1.610357
0.4655375
1.501628
0.6091506
1.239152
1.66632
0.9275954
1.323756
0.2836597
0.7638189
1.488713
1.026883
2.329552
1.143076
1.07584
0.1498891
1.033257
1.689774
1.929425
0.7016069
1.492272
1.599904
1.166395
0.7310868
0.9337044
1.774718
1.388395
3.034403
2.675159
1.745421
3.462722
0.615175
0.2511858
1.694863
0.2524928
0.9781998
0.1012434
1.425687
1.280957
0.8372873
2.217009
2.207098
0.6330984
0.8572941
1.679452
1.489579
0.6788346
1.706924
0.39123
0.9694317
2.919161
1.153653
0.3223339
1.151934
0.4176337
3.096294
1.132355
0.5976298
1.946556
1.236552
0.2781164
0.8225179
2.122379
0.8279041
0.626383
1.579843
0.4920451
1.217403
0.6026108
0.5155965
2.97327
0.8499276
0.26209
1.090248
0.9581781
1.89396
0.6426216
0.3142126
2.137132
0.9270898
0.5020549
0.3894195
0.4887717
1.081077
1.679882
2.04124
1.415988
1.086491
0.6320265
1.555981
1.08272
0.349354
0.5792506
0.9233489
1.13253
1.770751
1.68649
0.3525117
1.027533
0.580097
1.230365
2.348255
0.5457367
0.9991184
1.099464
0.6707618
0.9199455
2.944444
0.6075327
0.6847286
1.370574
1.704585
1.313573
0.8503372
1.172838
0.9583353
1.191071
1.506373
1.907696
1.249464
0.8950945
1.0217
1.647562
1.4034
1.402488
0.3756487
1.83305
1.1077
1.475509
1.654131
0.8231199
1.064547
1.051827
0.6254469
1.954555
0.7322154
1.009614
2.354086
0.2572453
0.3688752
0.8851923
1.178006
1.369132
0.3464643
1.431648
0.5568772
0.8344406
0.472567
1.121539
1.798187
1.282398
0.8163318
0.2282619
1.92689
0.859303
0.6608865
2.017011
2.422623
1.558699
0.2826998
1.490692
0.2440935
0.3654051
1.916521
2.083223
0.4931704
0.4805678
1.04457
1.174847
1.13786
0.9689195
0.7272611
0.9181898
0.7953328
0.98136
1.377037
0.6876985
0.3655423
1.104563
0.9784895
1.649576
0.4583194
1.292509
3.369062
1.005347
0.115246
0.8257726
1.728175
1.455424
0.9971601
2.695107
0.8413187
1.173002
1.060831
1.084624
1.512434
0.9848642
0.4818912
0.512596
1.715468
0.5657536
0.1682329
0.293434
0.3935878
2.601097
1.321289
1.838031
1.056337
0.8502867
1.01246
1.963693
0.8896084
1.635905
1.938705
1.811802
3.5337
0.7353628
0.5874347
0.3618765
1.33952
1.067217
1.48849
1.676159
1.667578
1.441632
0.2994944
0.9593866
2.426649
0.6067426
0.8899034
2.438385
1.931456
0.6741952
0.310683
1.55027
0.6406692
0.5170479
0.2157629
1.774369
0.5288608
1.10246
0.4219061
1.582243
0.9906283
0.7057688
1.106407
0.4423336
1.395202
0.3488488
0.8119663
1.309907
0.555061
0.8176321
1.671714
1.840014
2.723491
0.606348
1.392814
2.138431
2.563192
2.416954
0.3033624
1.342179
0.4076484
1.342509
3.14178
0.2500836
1.300653
1.148039
1.761105
0.95413
2.234755
1.432531
1.508848
0.7548114
2.288173
1.785608
0.7996562
1.193559
1.727767
2.169295
1.122132
0.5513051
1.476233
0.6455858
1.157156
2.681835
1.144066
1.88092
1.33706
2.793142
1.170806
2.174421
1.299061
1.021532
0.8110488
0.9789105
0.5762634
0.6077566
0.8755917
2.644753
0.3043774
0.9324649
0.1437556
1.15182
0.6713844
1.729856
0.5663568
0.6194678
1.995021
1.025192
0.813657
2.262343
0.5252782
1.690616
1.255719
0.2806448
1.988663
0.7761353
0.766912
2.748966
0.5177682
0.8184554
1.718195
1.187646
0.744153
1.356165
0.3077727
1.26318
0.4192515
2.435638
1.652541
1.950438
0.964635
1.182832
0.4017704
0.8044993
1.860601
1.210017
1.021411
0.329689
1.857957
0.3310726
0.3073741
1.304398
0.3152347
1.237058
0.2353024
0.702827
1.395415
0.7152994
1.366969
5.085833
1.061709
1.267571
0.8995352
1.263893
1.750894
1.171149
1.785842
0.8952686
0.4278467
1.111118
0.9671977
1.08824
0.8869754
1.310479
1.092788
1.156607
0.4249737
1.175602
1.375467
0.1463365
0.8621147
1.03803
2.487322
0.4592979
0.9196967
1.150232
1.643072
2.112818
0.3964484
0.7432714
2.103101
1.375498
1.083985
2.299757
1.498688
1.039729
0.8507285
1.48084
0.5839557
0.2890621
1.14957
0.8421263
2.723133
0.6652275
1.812232
1.254352
0.7659203
0.7211433
0.9984062
0.8571682
0.6511969
0.7684541
0.8996536
0.7345106
0.5682274
1.342287
0.4715834
1.186509
1.574605
1.187872
1.313702
0.348081
1.257492
0.5706832
0.7281778
1.361495
1.268234
0.9088231
1.332045
2.353647
1.204719
2.165362
1.077431
1.899787
0.5333443
0.7977347
1.048958
1.407799
1.880884
2.001639
0.7731237
0.7604061
0.6801153
2.983831
1.405127
1.026261
0.6344767
1.579748
0.3694054
2.084933
0.4678655
1.152364
3.343916
0.7816558
0.2641787
3.265788
0.6996032
2.581172
1.150916
0.9611638
0.9360602
1.803271
0.9456303
1.041305
1.111464
1.497197
0.5142873
1.209917
1.198699
0.5765784
0.7590221
0.6781052
1.195455
2.963412
1.49017
3.338516
1.082019
1.136458
1.32158
1.328686
1.894784
0.368217
0.370299
1.885246
0.9652636
1.183724
1.566058
0.9966861
1.200106
0.4994018
0.712837
1.392057
0.642761
1.641327
0.4216665
2.344908
0.7198925
0.8424889
0.7751701
2.82132
0.2317188
0.5296715
1.306511
1.024441
1.144212
0.4655729
0.7863552
0.6297069
1.024148
0.6326601
1.429862
0.4750619
1.649938
0.7175494
2.060153
0.3560538
0.7820003
0.7481413
1.531234
1.757287
2.591649
2.098159
1.747991
0.7591632
0.6113922
1.118468
0.6080275
1.686368
2.841267
2.713622
0.6478604
1.429349
2.929643
1.890047
1.724208
0.5925649
0.5854472
0.7436914
1.691105
1.094788
0.9099475
0.7251431
0.8411896
1.383044
0.9466558
2.120765
1.767678
1.192275
1.681491
0.8098672
0.7503698
1.45507
0.7714545
0.7934676
1.614524
1.186287
0.3965323
0.4811453
0.9190095
1.445892
1.130873
1.93372
1.179633
0.2281759
2.854079
1.273994
1.037572
0.7688826
1.070903
1.76923
0.4310035
0.3715325
0.5745752
1.097148
1.220804
0.7234315
1.488853
0.722506
1.573619
2.082322
0.9722906
0.9553013
1.142475
0.1786005
0.6049854
0.8919147
2.032839
1.901104
1.346565
0.2764745
2.119003
0.5564721
2.08428
0.5738679
0.5031208
0.3248026
0.5505059
0.5535023
0.7477312
0.7926887
0.5134997
1.342524
1.563947
0.8806323
0.4774176
0.7483812
1.094257
0.9599093
0.5143045
2.373782
1.00007
0.6819933
1.231701
0.8069225
1.292317
2.800963
0.4048841
1.375053
0.351346
1.61416
3.136079
0.4093818
1.004946
1.656327
1.076974
1.11725
3.203289
1.178812
1.941655
1.820053
0.8916897
2.350335
1.6152
0.5274891
1.579107
1.264517
0.4779072
0.7177371
1.232178
0.6973476
1.224159
0.5754622
1.163135
0.2728335
1.164133
1.830311
0.6479004
1.490407
0.8838892
2.437643
1.749356
1.660425
0.7452649
0.5412515
1.836133
0.666945
0.7234074
0.7657268
0.8200301
2.093474
0.7425264
0.5012491
0.6052367
1.941651
1.016695
1.431868
0.6137586
0.5823508
1.226957
0.5774268
0.6183425
1.094606
0.5735119
1.44312
0.3102988
0.7920906
2.479122
1.74846
0.6110837
3.180642
1.645796
0.6153641
1.620785
0.6062621
1.912316
1.063363
0.6766261
1.441678
0.8238214
1.96238
0.8698505
1.967393
0.9620759
2.288551
0.416478
1.871005
0.8869672
1.042342
0.7074999
0.9340123
1.002287
1.362596
1.975391
1.878863
1.327712
0.6594454
0.4094441
0.4381066
0.5364772
0.3874112
2.164781
1.513145
0.3691087
1.193304
0.5850313
0.5013273
1.031643
1.639041
1.586356
0.9513497
0.735505
1.767772
0.7085291
1.006643
0.3258098
1.105216
0.834003
0.5137228
1.189116
0.8820293
2.580345
0.9915579
2.186099
1.233318
0.3087775
1.048035
2.390553
1.595055
1.380082
0.9684589
0.2928525
0.117197
0.2027258
1.209332
1.08471
2.891206
0.4308671
1.084416
0.6973671
0.5055029
1.179122
0.3805255
1.254567
0.8461515
1.285624
1.044964
1.171605
0.2657169
0.3688
3.04564
0.7425041
0.4559057
1.281826
1.105178
1.671413
0.6315853
1.162544
0.71076
0.4376975
0.9444365
0.1670696
0.302365
1.190669
0.5327457
1.710475
0.2832054
0.9129591
1.185901
1.499521
0.9886535
2.627745
0.7937398
0.7914902
1.036369
0.9668419
0.875087
0.9990791
0.4775726
0.9336933
2.847753
0.8212205
1.535172
1.565819
1.430858
1.906676
1.574445
0.7827613
1.222586
0.6279673
1.677813
1.401331
1.062993
0.6860245
1.483786
0.9724993
2.437111
1.360255
1.880516
0.6827965
0.5393542
0.6883018
1.143088
0.5079337
2.821158
1.098818
0.1731525
0.4655911
1.824584
1.394942
2.196946
0.7355134
0.5987018
1.306638
0.7354215
1.81579
1.574433
0.431152
2.036128
0.7341309
2.737016
1.088446
0.5005322
0.892471
0.8449364
1.041388
0.6353229
0.7605412
4.226157
1.636772
0.9330492
0.5952317
0.7864136
0.1808938
0.8443847
0.453671
0.8502761
0.3400355
1.675233
0.9028982
1.104136
1.573709
1.623359
1.211099
1.573963
1.955789
0.9790195
2.109837
1.943681
0.6659117
1.328787
1.702805
1.080661
1.271967
0.7973002
0.8252866
0.6058589
1.671532
1.36208
1.173195
0.5356344
3.26962
1.013835
0.6909657
1.876405
2.371739
1.121041
0.5802537
1.178258
1.109475
1.256739
0.4350065
0.9769449
0.6977199
2.284145
0.4308219
1.399182
1.308089
0.8443789
2.658343
3.377411
0.3149732
0.7537321
1.49779
1.380514
2.679462
1.20001
1.813366
0.9136076
2.122663
0.6102545
1.348921
0.7400686
0.9681264
0.2278294
0.780227
0.9777208
0.8260835
1.600995
2.001226
1.129602
1.271129
0.7689497
1.006882
0.1824898
1.01492
1.291872
0.7410312
0.9600973
0.8042343
0.6887886
0.4466215
0.9685672
1.222106
0.4979118
1.52453
1.532055
0.6367924
0.6054415
2.347424
1.666197
1.214557
1.373962
1.213213
0.614219
0.9344349
1.840807
1.124653
3.55406
0.6430521
1.184927
0.4377386
0.7797188
0.6020549
1.814159
1.608087
0.8164838
0.5938627
0.7923094
1.432909
1.929779
2.430937
0.6367233
0.7782773
1.354836
1.134535
1.105107
1.1821
0.8736434
2.710679
2.115875
1.667081
0.8428527
0.7030196
0.7433468
1.941169
0.8940258
0.890816
0.6811849
0.6310421
1.751385
1.863537
1.353265
1.010013
0.5649738
1.236216
1.924013
0.8915681
0.2377913
2.864898
0.6955237
0.8130534
0.7238479
0.3729366
1.705437
1.284491
1.638064
1.642554
1.34305
1.166363
0.9579364
1.820265
1.58744
0.828262
0.8423638
1.581077
0.2903017
1.372123
0.9858378
0.6806407
0.764715
0.7143274
2.436431
1.255233
1.499502
1.049828
0.1687709
1.522009
0.5510879
0.2114876
1.02529
0.448343
1.393883
1.236275
0.6113309
0.8552449
1.250906
0.4612289
2.644509
2.132633
1.847442
1.278435
0.4911603
1.50384
1.959779
1.057423
1.419929
0.1890496
0.6390553
0.9031791
1.155419
0.3242006
1.354567
2.395526
0.4970234
2.309715
0.7181207
1.264685
0.6800061
1.657983
1.461497
1.18203
1.794146
0.7700753
1.309328
0.8129674
0.5586075
1.507366
1.73881
0.5692725
0.2675633
1.112852
1.302302
0.6687436
0.2808863
1.957745
1.71211
0.40267
0.5986229
0.8693625
0.7028357
0.6003705
0.6925207
2.733858
1.229103
0.9314839
2.141308
1.343692
0.6875219
1.268113
0.2852296
1.134687
0.2257003
0.8216488
1.731563
0.8907686
1.080668
0.3020048
0.852259
1.541899
1.211486
1.501242
0.8358676
1.331103
0.5519311
0.2222107
0.587008
1.165892
1.1239
1.473744
1.101495
1.026303
1.63301
1.257461
1.408226
1.394882
0.9068626
2.20849
2.80603
1.358842
1.277113
0.409293
1.323816
2.02994
1.987087
0.6716644
1.110858
0.5529187
2.651205
0.6905141
0.5118284
1.622779
2.483512
0.7621141
1.975746
1.48167
2.004143
2.053472
1.114668
1.219966
1.315744
3.196928
1.51906
1.382316
1.322924
0.7566296
0.6502361
1.943414
1.6729
0.6021317
2.045255
1.550691
0.6123044
0.1746199
1.66919
2.314286
2.618886
4.334985
1.768608
0.3847115
1.090178
1.113436
1.204114
0.448219
0.9255817
0.7310005
0.8399784
1.479983
1.460639
1.052368
0.7959022
0.6653865
0.8350278
0.6462445
1.355059
3.118176
1.940546
0.6975042
1.275159
3.093197
1.071064
0.8647631
1.44706
1.544837
0.8556848
0.6550978
0.6079622
0.2410047
0.5956121
1.68114
0.9552873
1.346062
0.9153249
1.151482
0.6546155
2.436921
0.931696
0.6538493
0.6449973
1.862902
1.27069
1.907167
0.9390367
0.7118693
0.6901431
0.826118
1.851182
0.8399573
0.5094864
0.8501043
1.777822
0.5985712
0.7502212
0.6773363
1.930448
1.721719
2.094259
0.809033
1.031167
1.215251
0.5614222
0.7476379
0.4135782
0.7006535
1.317934
0.7854104
0.8198463
1.588669
1.186163
1.857949
0.3171035
1.164754
1.228896
1.934902
0.9852041
0.6375061
1.994902
0.6845317
0.9395774
0.3452584
1.669909
1.000742
0.8399096
1.826369
1.043947
0.2800153
1.444439
1.799606
1.053465
1.348332
0.3562029
0.6081629
1.339823
1.320258
1.413191
2.238195
2.519635
1.421229
2.558861
0.5587835
1.786654
0.7818064
0.3486223
0.6249989
2.105281
1.96226
1.582604
1.691365
2.022854
0.9536295
0.6751829
1.518153
0.3278978
0.3012724
0.9561137
0.3878251
0.3452024
1.366884
0.6333405
1.266612
1.082491
1.58871
0.7191155
1.073153
1.947466
0.9993918
1.449141
1.758234
1.413542
0.2345478
1.966294
0.6465312
0.8058866
0.4599792
1.759796
1.827475
0.9973564
1.056784
1.181092
1.388031
0.6234968
1.635006
3.188768
0.8319602
1.856422
0.7819632
0.9272947
1.905256
1.590036
1.179428
0.5208726
0.1161666
3.088754
1.532498
1.30889
0.9888949
1.02426
1.076586
1.942895
0.6083401
0.3572689
1.047843
1.222324
0.2930904
0.5789947
1.270228
1.463491
1.469112
0.9854906
1.515779
0.7257193
3.646627
1.096564
0.7909534
0.7994425
2.028915
0.3579312
0.5612451
2.299322
0.6935391
0.2377216
0.6842333
1.769593
1.072204
0.3994997
1.100668
1.187151
0.6746445
3.557595
1.34087
1.69969
0.2769188
0.6138306
1.820874
0.4073021
0.5394473
0.2882778
1.014208
1.840461
1.236931
0.9198005
0.6383864
1.052815
1.061333
0.5568137
1.558166
0.8092569
1.263176
0.8147788
1.505709
3.302207
1.882585
1.256433
0.5093178
0.7864354
1.412013
0.2570987
0.4930099
0.7139253
0.8004272
1.431743
1.727642
1.312803
1.166996
2.439849
3.293354
0.7622749
0.8901995
1.200524
0.6551393
2.507572
1.053254
1.398122
0.4167409
1.512687
2.928094
1.152059
1.580465
0.6164334
0.9480654
1.341501
1.780188
0.5869349
0.598306
1.570209
3.047943
0.5863104
0.8788911
0.3917214
0.3335171
1.408102
1.795922
0.9110972
0.6755165
0.498859
1.575997
0.445889
1.07382
0.584662
1.836122
0.9134002
0.6752484
0.4796698
2.382767
2.288189
0.5157198
1.673213
0.8159008
0.6010643
0.7108558
1.423501
0.2925916
1.456586
0.5806616
0.6636622
1.180181
0.8033759
1.250875
1.055581
0.8391986
0.5034426
2.112195
1.460527
0.3589261
0.6886534
0.4174065
1.086369
0.7046409
0.5048796
1.57464
0.4485904
1.443014
0.5840713
1.153709
1.662104
1.441357
0.2368813
0.8638981
0.9339036
1.373938
0.8343868
0.8059002
0.7460518
1.764675
0.3709891
0.830928
1.755159
1.45963
0.5972721
0.3934927
0.3722251
1.172509
0.695878
0.3499897
0.296886
0.9391586
0.3745761
1.396504
1.419045
1.274997
0.3474495
1.159125
0.1956269
0.9482237
0.7484858
1.914533
2.297995
0.7526738
1.44149
0.739932
0.5397206
1.226704
1.204397
1.305482
0.6136617
0.6659671
0.6340853
1.448482
2.081381
0.2824064
1.015209
0.7448541
0.7163021
1.184674
1.06185
1.576457
0.6726679
0.5662897
2.391683
0.9706564
1.146531
0.769953
0.2708456
2.064496
0.9952925
1.053779
2.79154
1.286595
0.9342147
0.5845973
0.5464001
0.4525137
0.5429707
0.5528392
1.840496
2.116108
0.6758786
0.7375649
2.507976
1.03216
0.848165
1.988543
1.559657
1.208781
0.06567505
1.230846
2.748631
0.6645963
1.980902
1.045045
0.3047138
0.6792433
1.402565
0.3615181
4.519205
1.50551
1.058329
2.192446
1.231676
0.3499778
0.9331709
0.7662426
1.400185
0.4850586
0.6411536
0.7255899
0.8390056
0.4494791
1.031252
1.533775
4.290466
1.480919
1.047582
0.3493045
1.055363
2.533992
1.341844
1.187844
0.6597579
1.217368
1.396639
1.222842
0.6948385
0.7459445
0.99529
0.4156231
1.675003
0.345574
1.845489
0.50403
1.980848
2.129481
1.473103
0.6939006
0.3144487
0.8155933
0.4226228
0.3596955
1.234786
0.5100125
1.090131
1.479895
1.592301
0.5375695
0.266221
0.7284419
1.313138
1.018427
2.333879
1.635524
2.057117
1.646577
0.6781835
1.738521
1.234728
0.8808615
0.4597225
0.3063586
0.7226582
0.6476556
0.8757059
0.9565506
0.3962514
0.4914714
0.1591097
0.6532727
0.7369516
1.715504
0.2180478
2.168189
2.198935
1.911846
0.8109162
1.045113
0.2008018
1.29573
0.6042827
2.378131
0.8722974
0.2348554
1.520848
0.7271591
2.400634
1.10745
0.3749935
1.916089
0.9373315
1.381988
1.672031
1.258292
0.6848309
2.555702
0.1097668
0.8758998
0.9134088
0.7999328
0.565274
1.603558
1.220016
1.243207
1.604975
0.539069
0.2943945
0.8373931
1.590336
0.7406753
1.947279
0.5198708
0.9676061
1.73809
0.8507877
1.976364
1.66234
1.071405
0.3842398
0.926796
0.5392162
1.246662
0.4091846
1.118235
1.063194
1.021451
1.071976
1.463204
2.022971
0.2114223
0.854509
0.9599292
0.5615713
1.811703
0.9216821
0.7038241
1.655689
0.2628764
0.4509837
0.143075
1.068782
0.6318989
2.284167
1.065378
1.253077
0.471504
0.9188922
1.106245
0.6848285
1.450463
1.8456
0.57924
2.75571
1.499294
1.174089
0.6584249
0.783719
2.409336
0.5069846
0.6364547
0.6206058
0.3262722
1.244843
0.7737915
0.2407598
1.626879
0.2165216
1.241141
1.164227
1.903006
0.5711477
1.945402
0.9401708
1.427257
0.9702338
1.521116
1.098904
1.659003
0.9574449
0.5860983
1.166059
0.8967426
0.4259781
1.415503
2.150947
0.3770127
0.4123663
0.3745917
1.922452
0.5550467
1.842419
0.8801114
0.7931206
0.1379875
0.2556242
0.6987513
1.210649
2.407076
1.395572
2.062373
2.021578
0.448615
0.8369317
1.328647
0.9085382
1.354325
0.1491755
1.128095
1.456522
1.119099
1.152739
0.997174
1.616579
0.7975517
0.7097711
0.5114195
1.499909
3.109647
1.292142
1.333069
1.121515
1.417664
1.230705
0.724274
0.2224017
1.267236
1.691894
1.377654
1.418841
0.876929
0.5603587
1.29935
1.290147
0.6514365
1.304206
1.347638
0.8622339
2.611455
1.681572
0.4061894
2.465547
0.5477713
0.969253
1.461743
0.6114752
0.7838857
0.4046004
1.058903
1.046524
0.74304
0.8584482
0.5411763
2.226801
0.3796253
1.519503
0.7207359
0.4376311
0.2993559
2.160482
0.4008482
2.059804
1.888206
0.5883671
1.106514
1.72791
1.24303
0.4815424
1.554349
1.181016
1.485685
0.9736104
0.9859882
3.58654
0.9527746
0.6104923
0.7548663
0.9278305
1.224884
1.028176
3.934895
1.674897
2.260284
1.327794
1.697482
0.7703572
1.024792
0.1816061
2.312766
1.359674
2.882586
0.7797206
0.5150999
0.8220651
1.957968
4.121762
0.4094807
0.9302357
1.173595
0.7106353
2.401431
2.390312
1.115686
0.4518166
1.102342
1.706473
2.083171
0.2976215
0.5180973
1.09895
1.977418
0.9760822
0.916844
2.652562
0.3834743
3.211612
0.9898936
1.445515
2.109082
0.7053
1.414995
0.4352198
0.3773432
2.454963
1.296102
0.8342368
3.286139
0.8210418
1.399223
1.872046
0.8855868
1.540691
1.644519
0.2379026
0.1063109
1.781248
2.612886
1.428725
0.2141733
0.872417
0.4657918
2.199237
0.8995284
1.539234
0.7169148
0.7658721
0.3583261
2.520108
1.636986
0.6924854
0.8160636
0.1463228
2.044147
1.591432
1.314794
0.6402696
0.831934
1.693086
1.036491
1.298044
1.267396
0.9939066
0.6958478
0.8382563
1.34734
1.018326
2.446296
1.733442
0.6770805
0.7236341
0.1968177
0.6974957
2.086141
1.4054
0.7931832
1.661922
1.041498
0.862827
3.067231
0.8379519
0.6461322
0.6553375
0.6860009
1.481366
1.866497
1.327218
0.3373677
0.5943764
0.471655
3.778527
0.932826
2.498649
1.467939
1.369728
0.5152429
0.953603
0.2751586
0.4289475
2.325267
0.5176977
1.771926
0.9099854
0.3924118
0.9054179
0.6261933
0.5282885
0.4605467
2.078213
0.6890263
1.020403
1.395641
1.687169
2.589547
0.8194181
0.2677675
0.9965558
1.033737
0.5604492
0.9331082
2.219365
0.545851
1.363421
1.338601
2.169484
0.7527802
0.9294916
0.4951311
1.548473
1.473878
0.9217208
0.4535641
2.007504
0.9186021
0.1582097
1.787424
0.7648982
1.309496
0.7146028
2.786006
0.4602028
0.6130781
0.6373392
1.55156
1.856621
0.8531003
0.5786412
1.200933
2.197986
2.599441
1.328797
0.238415
1.428606
0.6892853
0.849055
1.095021
1.790321
0.7060539
0.6058583
0.258754
0.32871
2.140961
0.3612479
0.6945507
0.2143937
0.835574
0.7123349
0.7499658
0.5118311
2.905674
1.008719
2.375372
0.9059568
0.293952
2.534865
1.226925
1.719368
1.433637
0.5744071
0.483138
2.414086
1.66861
0.775741
1.097741
3.257502
2.61061
0.9935321
0.739517
0.5189939
0.9278602
1.50924
1.555808
1.190157
1.273665
1.502007
1.263715
1.488939
1.899307
1.528972
2.103949
0.7427877
1.363549
0.8169807
1.223545
2.839864
0.6445215
2.283803
1.260771
1.890539
1.980484
0.8697848
0.4851316
2.881917
1.033584
0.2649856
0.9817795
0.3017906
0.4353889
1.514847
0.6230499
2.182826
0.9995093
1.183985
1.147937
1.019402
0.9446371
0.2928178
1.376083
0.8850463
3.126848
1.865227
3.230941
0.9618001
1.778658
2.035947
0.1912898
0.788053
1.758936
1.852318
0.3224599
2.386908
1.154618
1.032857
0.2783297
1.911027
0.534352
0.958616
0.716659
1.341589
1.171991
0.5876351
0.5404057
2.050665
0.5743626
0.5413801
0.3760063
1.162613
0.7352334
1.15328
1.146198
2.504594
0.5971596
0.3160111
1.09516
2.133805
1.06919
1.402447
1.419964
0.9226575
2.289332
2.693436
0.8506211
2.353927
1.077113
0.281064
1.413526
1.706245
1.221391
1.012952
1.124656
0.9134619
1.401157
0.2940577
2.472633
1.289792
2.652008
0.6852646
1.227354
2.418614
0.9767668
0.7095127
2.191811
1.57888
1.241706
1.131957
1.745586
1.808736
1.511662
1.10539
1.330303
0.9358593
0.7918729
0.6739643
0.5341369
0.2962049
1.539398
0.146376
1.384235
0.9520412
0.4331519
0.4366987
2.381776
0.7755735
1.716913
1.438976
0.1461441
1.36499
1.96825
0.6931742
0.9147213
0.4035169
3.424236
0.6636725
1.291995
1.648568
0.8112014
0.5238241
1.225375
1.012458
1.595091
1.402334
0.6747692
0.2705464
0.8327406
0.3441466
0.4724619
0.4582211
2.393561
0.2406543
1.3406
2.387937
0.7942148
1.472087
1.629629
0.8145309
0.5446013
2.2129
2.242864
0.2912266
0.7705184
0.9133687
2.023696
1.113488
0.918566
0.686604
0.1975097
1.05545
0.3465626
1.978452
1.742468
0.4786268
0.7616787
0.8645605
1.658701
1.463458
0.6859682
1.220556
2.365607
1.480438
0.4565378
2.103414
0.6264278
1.599288
2.504759
0.2014962
0.4213202
0.721677
0.7859344
2.395634
1.435403
1.158822
1.626248
0.3000369
0.8353951
0.4720515
0.07716597
0.7692148
0.2552115
0.8361587
0.5293361
0.764401
1.775269
0.7183198
1.771469
0.6372911
2.762732
3.14055
0.7563083
0.3831675
0.4505663
0.7316935
0.1774285
1.461056
2.189368
0.7984097
1.592578
2.162437
0.7697361
1.201728
0.816921
2.283033
0.6585029
1.171685
0.5218149
2.819416
0.8930327
0.8632547
0.2058996
1.664198
5.20952
0.642546
1.128182
1.619011
1.619815
1.353388
1.045026
0.1646771
0.5441449
0.7218207
0.5769768
2.251379
1.17601
1.856659
1.266386
1.129578
0.8731211
1.990608
0.5899479
0.7065686
0.8780226
2.048822
0.4054832
0.6080237
1.14456
0.8492017
1.373778
0.3389395
0.4980562
0.5629142
1.744954
1.172021
0.9972275
1.063388
0.9244689
0.9369867
1.810486
1.334315
0.3460362
1.002858
0.3644707
0.05242008
3.279733
1.299646
2.047319
0.44717
1.430333
2.789863
1.587027
0.5658746
0.3469397
1.238611
0.8990472
0.5461801
0.9778191
0.4180794
0.2688719
2.073978
1.213004
0.6416462
0.3694161
1.225649
1.389407
1.097822
0.7574077
0.7761606
1.710561
2.039333
0.5954931
0.5880991
0.2884495
0.5643882
0.4916692
0.6796864
0.8138686
0.3668076
0.4608881
2.211064
1.191326
0.6675419
2.260931
1.692801
0.3808479
1.865615
0.6490777
0.6351018
0.9080589
0.3216951
2.295125
0.5015688
1.823708
1.034514
1.349872
1.253574
0.934846
1.405689
1.420414
0.387109
1.731419
0.7730908
0.7390823
1.298878
3.990297
0.5153534
0.9972087
0.8877288
1.014589
1.250219
1.158177
1.639946
0.6640821
1.543567
0.677391
1.479965
1.101323
0.7661763
0.6561447
1.076896
1.787347
2.513315
2.171862
0.6122556
1.15822
0.4050026
0.1361228
0.5483274
0.7719988
0.8799864
1.827611
1.199572
1.298301
0.9405238
0.7930122
1.034257
1.250955
0.8548106
1.337891
0.9046787
1.445766
0.951913
1.032227
1.080237
1.563164
0.4742667
1.875427
0.890723
0.7784437
0.7405116
1.192838
0.7601532
1.911557
0.5901674
0.5079068
2.156586
0.7912449
2.53307
2.05729
0.2774531
0.650903
0.8999844
0.7879363
0.3159682
2.49807
2.463957
0.5201836
0.7800112
1.807101
0.7300037
0.9474454
3.309815
1.755955
1.378759
0.4554906
0.8309289
0.5490185
1.310058
1.816069
0.8142663
1.458426
0.2583832
0.9258261
1.511072
1.231918
0.4091287
0.3233675
1.455508
0.5672487
1.360552
1.438772
1.455352
1.408092
1.175306
0.1278172
3.137805
0.2786112
1.505958
1.989572
1.788194
1.421407
1.42397
3.254826
0.3540261
1.407273
0.2243376
2.189959
0.9642675
0.8946432
1.213945
3.060387
0.8377084
0.1832995
1.066814
1.334053
0.5540037
1.823481
0.9937911
0.5417977
0.6310638
1.221458
0.926908
0.8646827
1.062671
0.2001242
3.17003
0.4887657
0.4270266
3.009033
2.114289
0.3420862
2.27172
0.9732408
1.391636
1.033946
2.125779
0.347095
0.2253357
2.140743
1.023257
0.5445995
0.9805151
0.274073
0.5050431
0.4234666
0.7279334
3.478613
2.598112
1.559237
0.5458486
0.2409862
1.227088
0.5464542
1.724575
2.06984
1.3854
1.642897
0.7000779
1.298893
2.129361
2.142572
2.607587
2.767375
2.38085
2.855379
1.554456
1.788852
1.358875
1.035139
0.8454881
1.559266
0.6345322
2.068567
0.7591287
0.5628665
0.5810932
1.326854
1.420741
0.8899967
1.23333
1.047668
1.122651
2.289794
1.23681
3.265367
1.357802
1.64927
1.731812
0.840666
0.4676827
0.4535752
0.8014997
0.5173575
0.6003421
0.5154768
0.05408495
0.4657669
0.8613977
0.8263364
0.1182686
0.9773716
2.275676
1.009004
0.7034164
1.65096
0.5706578
0.5722862
0.4995244
0.8755909
1.26367
3.015353
2.491376
0.7048918
2.207711
0.8595552
0.8384093
0.3545394
0.4320497
2.821211
2.455793
0.7500518
1.393765
1.143179
2.084351
1.010761
1.613644
1.091386
0.4128182
1.568597
1.027596
1.927527
0.9379295
1.465735
1.143094
1.106742
0.515005
0.8810143
0.1274519
2.605873
2.361339
2.85821
1.351669
1.46635
2.946242
1.099951
2.806375
1.016162
0.6520701
1.088155
0.5799054
1.05998
1.481364
0.3018627
1.271826
2.411163
2.196779
0.8668177
0.65961
0.5334491
1.024635
1.452751
1.43142
0.2081987
0.4788159
1.348986
1.28383
1.082392
0.3665384
0.4314062
2.100494
0.8060094
0.4445632
1.805554
0.5908313
1.683323
0.4914175
0.6665288
0.613488
1.934806
0.7344573
1.530011
1.011135
0.692898
1.131853
1.327498
1.271949
0.9352189
0.4637582
0.7046776
1.503704
3.900231
1.038156
1.314419
0.655798
1.467063
0.5410929
0.728993
0.4537407
0.3391649
0.8882662
1.206965
0.7426913
1.495077
0.6945109
0.7117497
0.4676502
1.74307
2.693224
0.7747226
0.9983524
0.8040775
0.4180082
1.572155
1.503163
0.8064592
1.489935
0.3308097
1.074445
1.221103
0.5823507
1.173666
1.825164
0.7754482
1.355404
0.816589
0.9849747
1.272287
1.234266
0.5606943
2.386333
0.934008
0.5150728
1.255225
2.593911
1.159617
1.67577
1.350295
0.9302056
1.119505
1.378098
1.145088
0.8603204
0.6833631
0.9911417
0.2285252
2.461742
1.034963
2.144519
0.672995
1.223088
1.107887
1.557589
0.7279175
0.9259915
0.6921004
0.534569
1.098185
0.6791428
0.8044713
1.341777
1.16243
0.7323772
1.012222
0.8349515
1.871323
0.5911896
1.168334
1.405387
0.1289666
0.8804972
1.628237
0.7764197
1.042945
0.8897523
1.824463
1.056841
1.743518
2.261471
0.8930757
0.9207607
0.8106462
1.982623
0.5326217
1.060705
1.598552
1.073828
0.4274199
1.001165
0.3281813
1.666913
1.42051
0.5235468
1.401443
0.5943943
1.234969
1.101316
0.8802666
1.157829
1.566702
1.463209
1.240198
0.3726954
2.437233
0.6991461
1.931186
0.9885696
2.021735
1.431825
0.9219446
0.5156055
0.9143022
0.6320736
1.187934
1.270685
0.6386584
0.27046
1.819381
1.988149
1.065257
0.3405403
1.275799
0.5171605
0.5600064
1.230463
0.788923
1.251474
1.218587
0.4193623
0.6179957
0.8091172
1.149851
1.331236
1.293991
1.111112
1.028448
0.4324922
0.6269533
0.7083698
1.044067
2.248553
1.176476
1.439953
0.7342949
1.001338
0.6567234
1.322849
2.064094
1.003233
0.4478151
0.2380248
1.125792
2.244508
1.794312
1.838523
0.7454029
0.6692158
0.7726923
0.3992416
0.2446486
0.4516406
0.5893744
3.522458
1.260865
0.5772276
0.4792175
1.428475
0.9554489
1.365594
0.7491221
0.2194828
1.766578
0.9077541
2.487969
0.8957124
1.450953
1.240012
1.323212
0.6559073
0.9257062
0.276641
1.138165
1.489014
0.4824609
1.887273
1.226924
0.8317794
0.5681785
1.228165
0.8979702
1.138458
1.18272
1.862672
0.8832377
1.34168
3.02955
0.4563517
0.9625882
1.071376
1.460058
0.6647423
1.70183
0.612594
1.866226
1.559853
1.723419
1.970366
1.79638
1.867279
1.865548
1.229827
1.37531
1.017643
1.657669
0.3291322
0.6586633
1.038371
1.97143
1.398342
0.4903839
0.5542084
1.646905
2.100685
0.825384
2.263375
1.662466
0.5581707
1.439108
1.12041
0.7060963
0.8944338
1.453022
0.7207788
1.485305
1.8294
0.9015407
0.5243994
1.727526
0.7638332
1.819382
1.46072
0.7927034
1.578523
0.5777644
1.00756
1.644623
0.919557
0.2063018
1.646251
0.6097036
0.3544012
0.5377044
2.01031
0.8236731
0.4041635
2.809784
0.7269078
2.400436
1.954154
1.916603
0.6979784
0.8066324
0.8655947
2.141722
0.8837977
1.285139
0.8135809
1.668479
1.32523
0.6991971
2.09218
0.4052753
0.9490037
1.247392
1.256961
0.9941315
1.426005
0.6955434
0.7488911
1.720657
0.6708392
0.9032063
1.390722
1.094795
2.522816
0.8642502
0.6116624
0.8537514
0.8708877
0.5403206
1.811957
0.9316786
1.189183
2.106583
0.5739063
1.297507
0.5161719
1.790326
0.6522503
0.7198957
2.310311
1.44958
0.5675645
1.185879
0.3976082
0.9573388
0.3272946
0.3209643
1.51751
2.432288
0.6934418
0.3750554
1.690089
0.4951754
1.821479
0.6274886
0.700274
0.1636189
0.3087509
0.4578432
2.13455
1.241224
1.842496
1.507458
0.9088088
1.109374
1.186939
1.880623
1.130396
1.02105
2.044002
0.7544573
1.15513
0.8369173
2.607752
1.063247
0.8651711
2.540943
0.5157139
1.211696
1.029221
0.5544227
0.3029946
2.115745
2.887319
0.6180695
1.379057
1.507644
2.116703
0.5077179
1.421688
0.156015
1.515097
0.5256995
0.9352198
1.024773
2.563518
0.7391636
0.9258806
1.339514
0.3564705
0.9830169
1.557566
0.5887694
0.1110832
0.7533333
1.041743
1.063844
0.6488193
1.314546
1.324775
0.9566548
0.6995956
0.6928387
0.2766864
1.281248
1.539125
1.223146
0.9017575
1.479618
1.414581
0.4512164
1.086512
1.505387
0.8256249
0.1998794
1.02607
0.9762779
1.410898
1.628446
0.6707503
1.537814
0.3337727
0.2818461
0.8470788
0.5708807
1.55652
1.030874
0.5378183
0.448103
0.7206718
0.8099951
2.398216
0.8774921
1.18734
1.276408
1.920523
1.247511
3.626941
1.713536
0.5174551
2.240078
2.827064
0.9752485
0.3335963
2.265757
1.417272
1.244172
1.610186
1.373628
1.372852
0.3202879
1.389339
0.8298706
0.8164917
1.353981
0.3734189
1.206573
0.7244556
1.802051
1.150434
1.029198
1.110316
0.2390656
0.6809376
1.857342
0.7716789
1.088651
1.572685
2.167136
1.084736
1.09437
0.5707958
0.751234
0.8008244
3.249849
0.6025389
1.073853
1.211627
0.6130457
1.195575
1.092649
0.5471912
0.7185664
0.6845578
0.618175
0.7520782
1.652507
0.5316782
0.8448814
0.6287002
1.117986
0.3578639
1.04828
0.6489331
1.501991
0.7728474
0.7301181
1.080273
0.5935899
0.565704
1.382436
0.5220708
1.593921
1.785827
0.6532119
1.004458
1.122985
1.164209
1.059773
0.4828121
0.1311371
3.195687
1.148093
2.063651
1.185472
1.758913
1.403475
0.7103045
0.6316579
0.5999981
0.8379446
1.775034
1.298139
0.8085069
0.5614073
2.24247
0.9945611
0.7281417
2.205165
1.476071
1.157274
0.9924823
3.344415
0.589048
1.065213
1.128999
2.106151
1.402605
0.7156765
1.689589
1.332576
0.5210694
0.7937592
2.314543
2.325353
0.6094708
2.013782
3.73202
0.7960431
0.3567953
3.96973
1.71606
1.202138
1.49829
1.231258
1.462752
0.2433675
1.794181
1.530742
0.7224706
1.274698
0.651467
0.8446941
0.5643281
1.050326
1.585818
1.488611
0.5424693
1.638801
0.9800953
1.669406
0.4952186
2.183774
1.053183
0.6146694
2.233012
0.9213319
1.852776
1.024894
0.911304
1.246714
0.2290229
1.188209
0.07052934
1.634941
0.1543657
1.39246
1.237185
1.9573
0.8101254
0.6724972
2.218259
0.6083745
1.924083
1.202046
0.4894251
1.30448
1.167629
1.065032
0.7190307
0.5022242
1.540253
1.571791
0.7153222
0.5460191
0.4506538
1.002677
1.339766
0.558429
0.2852726
2.230038
0.4749133
1.861904
1.399222
0.2250466
1.09623
0.9185176
0.8588655
0.5136294
1.119497
1.70153
1.686989
1.119272
1.927417
1.6075
2.433089
0.9780709
0.3166892
0.763008
2.313005
0.3148283
0.7932867
0.7949054
1.124417
1.807477
0.2595968
0.4298485
1.590395
1.740413
1.407637
3.031728
1.160822
1.183178
0.6985356
2.08972
0.3432809
1.83668
0.6164817
0.2413624
1.626353
0.3984613
1.691608
1.324651
1.103951
1.062649
1.519114
1.539107
0.7375436
2.445161
1.299752
0.4105599
0.466986
0.7040057
0.5394753
0.4327383
0.7353042
1.584713
0.7087391
1.419074
1.044636
0.5778399
1.153603
0.8191183
3.024394
1.254978
1.958519
0.4966642
1.047409
0.7492029
1.499631
0.4640417
0.5424355
0.6291604
1.02343
1.189893
1.69398
1.565212
0.7953225
2.209606
0.8979057
0.7627711
0.8992317
1.226962
0.8976041
0.5050799
0.07175856
0.6726314
0.557375
1.094468
1.198591
1.88959
0.8797219
0.6996842
0.4196276
1.237909
2.195658
0.8809951
1.143812
1.890361
1.429425
1.065109
0.7893021
1.225195
0.4651105
3.036032
2.569634
0.5590944
2.363976
1.231382
0.6154325
0.8583882
0.8456903
0.3034213
2.590986
1.253175
2.889448
0.7317836
2.115792
1.114061
1.214305
2.047416
1.717217
0.5245635
0.3407492
0.8783865
0.4849451
0.9153979
0.4453654
1.010422
0.9298643
0.6010507
0.4457742
0.2533649
1.013226
0.7007294
1.243983
1.97568
2.448332
2.081954
0.6367096
1.167058
0.5898362
1.058958
1.358733
0.9475672
0.9129926
0.8271236
0.7677514
1.365809
1.092539
1.140935
0.9450023
1.458923
0.4264535
1.223018
0.5598968
0.6360011
0.8102113
1.05773
0.6124727
1.093539
1.088977
1.02689
1.587754
2.300392
0.9537617
1.232775
1.640068
0.6067468
1.463112
0.6237554
0.7782727
1.130659
0.9636665
0.8959985
0.6326005
0.3311044
0.6799393
1.765364
0.7530198
2.173331
1.012272
1.69749
1.87739
1.013369
2.189612
1.114565
0.7453134
1.177782
1.198677
2.509665
0.8992617
1.557151
2.856366
1.064685
0.4302977
1.249949
2.065858
0.6958501
3.053748
1.649863
1.534188
0.9083728
1.213149
0.8338071
1.058546
0.5613774
1.199257
1.455801
1.482845
1.744872
1.58641
0.878339
1.868892
0.3238574
1.962919
0.8298032
0.7433558
0.9742105
2.233112
0.6270637
2.393371
1.17655
1.675734
0.8135555
1.09416
1.143539
0.9005082
0.5928139
1.982617
1.150982
0.4694543
2.640297
0.8760341
0.6333455
1.036743
0.3186827
0.512739
0.6800227
1.966539
1.929331
1.49863
0.4306281
0.9835891
0.804734
0.586139
1.131953
0.484339
0.9804253
0.9984562
1.982997
2.084084
0.9019816
0.9814843
1.465195
1.326508
0.3181414
0.735463
1.398798
0.8299956
0.8503784
1.76985
0.8198632
0.23139
1.081086
0.3216212
0.8871042
0.8447161
0.7781994
0.355497
1.08892
2.858919
1.129271
0.3684594
0.8546336
1.416426
1.978358
1.552119
1.710632
0.8727263
0.5636857
0.9726361
0.5490564
1.337348
3.897303
2.160261
1.257707
2.174809
0.9627167
0.3215964
1.188472
1.999737
1.388682
1.509921
1.323318
3.273972
0.1580818
0.5258513
1.083952
1.146021
0.59659
0.8461407
2.19682
1.612163
2.028438
0.2918123
2.796482
1.777296
0.2490889
1.096067
0.6553067
0.1813144
0.2697013
2.161758
1.303053
1.202424
1.617754
1.613141
0.2506163
0.3597916
0.90566
0.7387783
0.9718885
1.662306
0.4383688
1.713913
0.18268
0.3348571
0.5194249
0.5874639
0.6121568
1.383417
0.5465784
0.2517411
1.048901
1.611635
1.880593
0.5092952
0.8810554
1.295919
0.6129658
0.6603161
1.145901
0.79285
0.8556732
1.042855
1.107328
1.874914
1.204557
0.9381754
0.9878456
0.4500401
1.956983
0.8985233
0.4539789
1.020199
2.007733
0.42621
1.118399
1.11424
1.44094
0.6123976
0.6306762
0.2375641
0.992004
0.9738189
1.061527
0.9525241
1.703327
0.9580003
0.9426926
1.569791
0.2910714
1.62033
0.5635822
1.24175
1.296431
1.165322
1.162822
0.8909089
0.8964029
0.7359779
0.5905711
1.218177
1.888172
0.9488328
1.741646
1.567451
0.784238
1.445351
0.2755432
0.6770038
1.957078
0.8651353
1.231606
0.5516106
0.8249657
0.8692319
2.962404
0.3138034
0.8441095
0.3810048
0.8183657
2.248038
0.5084979
0.624949
0.5338115
0.4624496
1.597708
1.694511
0.8115422
0.9906681
1.349866
1.125596
0.2313457
0.4711672
0.8043196
0.5507695
2.01687
0.8686476
1.067633
1.764548
0.7128186
3.567336
0.9291388
0.5421348
1.362255
0.7318615
4.242814
0.5929939
0.5424725
1.149302
1.335601
1.14166
0.2557121
1.232169
1.044409
2.014208
1.470426
0.5168134
0.8381136
2.786181
0.3992324
0.1454667
0.7566538
0.5273986
0.4280188
0.8297681
0.850028
1.002992
1.312265
1.069304
0.646898
1.449517
1.979086
2.170538
3.34764
0.5603331
1.425873
2.178582
0.6726181
1.110069
0.9329528
1.738506
0.9039106
0.6839104
1.011259
0.6852365
0.6799446
2.000886
1.244598
0.3026056
0.9150556
1.466047
1.294124
0.9592181
0.7469197
0.6337399
1.017091
0.6380481
1.354153
0.5173314
1.181154
1.094094
2.540898
1.131482
1.661843
1.063585
0.7030052
0.4069747
0.6580864
1.632605
0.2070303
1.327001
1.349267
1.116033
0.8298362
1.372028
1.424828
0.6776772
0.8999146
0.5449817
0.1131991
2.431856
0.9756357
2.14566
1.156717
1.439271
1.684521
1.323829
0.9108127
1.181511
1.183097
1.144532
1.607958
0.6544609
0.4844093
0.9997209
1.357125
1.399867
1.204982
0.5581822
1.411375
0.2255457
0.9891191
0.7352467
1.495774
0.3021033
1.823313
1.395085
0.6676201
0.6707351
0.7606739
1.276278
0.7218876
0.9504132
0.3121671
0.4627152
1.123929
0.7494603
0.574115
0.7898618
1.690175
0.1746937
1.064996
0.6838202
0.7329744
0.9881122
1.156332
1.290057
0.2548441
1.279943
1.212299
1.945419
2.568059
1.536959
2.137154
1.863292
1.21328
1.721429
2.869651
0.5306297
1.252299
0.7009183
2.087225
1.613527
1.856968
1.708537
0.7392275
2.264879
1.60543
0.5236109
0.9845619
0.3830399
0.3657636
1.145359
0.7899498
0.9014811
0.7560143
0.7430054
0.5169237
1.369801
0.4649592
0.8193631
2.32077
0.4720359
1.236378
1.147159
1.138283
0.9166972
0.287382
0.7232697
1.248248
0.8737561
2.547624
1.597593
1.255273
0.3757844
1.823889
0.9614132
1.573618
0.2997913
2.054568
1.472951
0.2286996
1.308046
1.787419
1.042486
0.5591432
1.888223
0.8120565
0.8249091
0.935895
1.14298
0.825779
0.7188613
0.9723227
1.055852
1.093342
1.901765
0.627376
2.16201
1.462977
1.564506
1.377901
0.8316632
1.363509
0.9486339
2.075386
1.765465
0.9418746
1.870133
0.6007695
1.56248
1.004609
2.273093
0.7810398
0.5283443
0.2615217
2.351783
0.5762445
0.5602812
1.686128
1.81826
1.766063
1.733377
0.2632334
0.3614519
1.570067
0.8749702
0.7292268
0.9026357
4.734426
0.9236847
2.098025
0.3344025
0.6700164
2.465221
0.4804
0.196337
1.565906
1.691581
1.328748
1.96192
1.156524
2.228434
1.156771
2.973027
2.633407
2.778117
0.8782291
0.9494384
2.31274
1.139648
1.215311
1.029034
1.567047
0.8619947
0.3405149
0.9828563
1.009044
1.209836
2.263881
0.7923084
1.071158
1.5609
0.560451
2.073261
0.3430294
0.9632314
1.900325
1.856157
1.922127
1.247461
1.874398
0.9456852
2.042804
0.4499113
1.482269
1.053726
0.9515411
0.5713413
0.4449173
1.450326
1.105139
1.735941
1.255404
0.7768289
0.1839204
0.7784697
2.586374
1.445432
0.7404474
1.359386
3.023502
0.6520496
1.440101
1.322344
0.1491376
0.714938
0.9813765
0.8089308
0.6480178
1.050296
0.6779196
1.73786
1.292132
1.409755
0.8057954
1.408852
2.138175
1.191561
1.663673
1.904471
0.612052
0.4364239
0.7052769
1.43429
0.7394377
1.495883
0.7752741
1.845345
1.678754
1.299077
0.8955177
0.5289763
1.221421
1.578754
0.7777479
0.7358122
1.433282
1.366472
1.195133
1.449262
0.4277588
2.046474
0.6029576
2.076608
1.373516
0.4596069
0.4677833
0.2631599
2.140937
0.545402
1.372576
0.9127654
0.7691819
0.4998902
1.068468
0.2215224
1.770832
0.6215401
1.667339
1.01867
1.179127
0.8114862
0.3576639
0.4171433
1.727888
1.887614
1.024799
1.448786
0.5227371
0.6559437
0.4045413
2.046594
1.602679
0.7607946
2.093039
0.652169
0.8842758
1.748727
1.427719
1.069646
1.646249
1.159924
1.093032
2.511063
0.8689237
0.8170928
0.8490593
1.028902
0.47386
2.97741
0.9160757
0.8286733
0.5297994
2.865108
0.3230883
2.11759
0.3831519
0.336993
0.5837662
1.190664
1.831952
0.5185467
0.5959855
1.808142
0.3965339
0.280471
1.205793
2.171715
0.7690687
1.319692
1.2858
0.7539047
0.7754662
0.1714113
0.3409922
2.082316
1.216556
2.886625
1.289106
1.210964
1.40737
1.242678
0.7680498
0.9476597
0.2612524
2.682101
0.8038364
0.9927423
0.8050789
1.001159
1.281597
1.503966
1.637083
0.3210157
0.5508505
1.498514
0.8342076
1.67864
1.593703
2.22828
0.2501278
1.790266
0.6449447
0.7072823
1.607871
0.7914614
1.041854
0.3480721
0.2254271
1.745802
0.6691442
1.499398
0.6674317
1.752882
0.2366036
1.043919
2.022914
1.04663
1.789281
0.4562487
1.196044
2.435177
1.466986
0.3474368
1.593063
0.4623886
0.6833025
1.990324
1.366713
0.6190123
1.62831
1.496196
0.8639384
1.050034
1.049827
0.6211635
0.6079315
0.7262932
2.426854
1.032555
2.188238
0.3463277
1.619583
0.6216921
2.304034
1.161445
0.3812638
0.6360736
1.25838
0.9482442
1.823137
2.654209
0.9287782
0.8632621
0.3072908
0.5982086
0.4917991
1.218642
0.973731
2.083043
0.9024856
1.308353
1.338598
1.80012
1.043291
0.1815663
0.8698608
1.462644
0.7136857
1.618474
0.8274836
1.074159
2.222238
0.9414144
1.046
0.9718528
2.744654
0.2976078
0.1669742
0.3483739
1.173943
1.247065
0.7994913
0.8875362
1.985847
0.4072978
1.065598
0.5962119
1.174714
0.8767365
0.6000485
0.8168044
0.8631331
1.24894
0.1440553
0.9345485
1.429168
0.2918969
3.280376
1.608673
0.7218353
2.421861
0.7004627
1.224745
1.858378
2.433656
1.485986
2.0824
0.9938239
0.5425452
0.7932645
1.075143
2.152751
2.565794
0.636346
0.840233
0.8455981
1.623976
2.013056
0.4595071
2.312147
0.1101846
1.527826
2.079272
1.801538
0.7813168
1.240026
1.231414
1.317442
0.6936655
0.9740876
0.5791367
0.9899824
1.196216
1.202935
0.5687713
1.397297
0.2550402
0.5977213
2.190009
0.1326148
0.515663
1.467463
1.916384
0.9955335
1.575978
2.60358
1.390653
0.2070375
1.065506
0.7275774
1.636433
2.177559
1.76105
0.4997123
0.752922
1.325028
1.14873
0.7846792
0.905076
0.1070191
1.322756
0.1849222
2.170692
1.093711
1.048899
0.2513591
1.25448
1.676118
0.5641909
0.6592322
1.690793
0.375761
2.841289
0.3887979
1.188723
2.298541
0.225398
1.491775
0.1670445
1.381472
1.743089
0.8262004
1.219665
0.7370625
0.627589
2.183438
1.697555
1.315073
0.3455051
1.368209
1.212798
0.7542377
1.069996
0.5512155
0.1111439
2.278628
1.153007
1.891439
1.557427
3.814074
0.2921546
1.172207
2.689553
0.707228
0.4254925
1.274297
0.2420888
2.115768
0.9349778
0.774974
1.899389
1.459299
0.846036
1.442012
0.6074374
0.712705
0.5104367
0.4169996
0.370972
0.5912126
0.08430893
1.077445
0.4797667
0.4654554
0.859848
2.060667
1.286223
0.7401736
1.008701
1.052101
1.175406
0.6334674
0.2914121
0.6537197
0.4313402
0.5083636
1.378142
1.720944
1.265286
0.4523965
0.6445238
1.504442
1.64798
0.4580008
0.9862801
0.9450134
1.584707
0.6095319
2.090456
2.605037
1.637448
0.8569956
1.050858
0.7675707
1.09571
1.496666
0.4557329
0.5085499
2.063856
3.524009
1.441591
2.128709
0.2912689
0.2839454
1.261551
1.391905
1.094106
0.8463387
2.09442
0.5907535
0.5560909
0.9271003
1.782731
0.3511702
0.9314297
0.5645657
0.09942425
2.351177
1.241858
0.9873757
0.3353848
0.9136104
0.2786444
3.063823
1.231109
0.5060249
0.5355545
1.559678
0.4069712
0.6249978
0.8361969
0.5255754
0.787206
1.33945
1.060218
2.444612
0.8319441
1.293732
1.857722
0.6983535
0.9521452
1.109359
2.683047
1.5791
1.411917
1.143194
0.8257414
0.3678971
0.8741955
1.964692
0.5896825
2.099855
2.50552
1.197146
2.182798
2.487219
1.526621
1.324899
0.4010796
2.017911
1.059589
2.477417
0.3007391
0.9437935
2.591497
0.9949906
0.5388967
3.255307
0.2869974
1.120537
1.026826
0.9671749
0.5167422
1.348229
1.009606
1.399716
0.3898748
0.8912709
0.4513515
1.016734
1.630092
2.428483
1.429702
0.7279924
0.8267963
2.210426
0.7303291
1.163982
0.9818814
1.15464
2.352182
1.661452
0.5706919
1.219315
1.382933
1.611972
1.331565
0.899446
1.043388
1.031881
1.84603
1.305661
0.53512
0.8006367
2.269781
3.208304
1.302012
0.5452484
2.01885
1.16278
0.4627171
0.5648444
1.485389
1.976925
0.809827
1.318487
2.784399
1.199026
1.227543
0.1812358
2.550277
0.7821236
2.201329
1.642264
0.1859172
1.569698
1.035554
0.8683425
0.8418941
1.351059
1.425278
2.837775
0.4421169
1.043185
0.9275939
0.3211743
1.026712
1.775659
0.9493441
0.6784593
0.6509459
0.9311968
1.33097
2.386947
1.071147
1.192506
0.7553272
0.7519937
0.2094558
0.9729877
0.6576601
2.495794
1.256355
0.7945629
1.517887
0.6048664
0.6484942
0.3542528
0.3099446
0.5968164
0.7312193
0.3567929
1.183444
2.202446
1.52314
1.967634
1.306391
1.957027
2.573954
0.9476933
0.6261341
1.208939
1.648036
1.708762
1.482352
1.611178
0.8867355
0.7882457
0.9090876
3.304108
1.540339
0.3884406
1.565872
1.803974
1.855312
2.372773
1.442956
1.537882
0.5258191
2.444702
0.500845
1.709594
0.3121686
0.5033592
1.239112
0.5488529
0.5934721
0.6820763
0.6799041
0.5280893
0.3393717
0.9656255
1.448024
1.134156
1.68696
0.7176039
1.074202
1.042593
0.6939349
0.3016437
2.092421
0.2711112
1.197402
1.601168
1.433866
0.9978058
0.8171384
1.085716
0.8627067
1.125828
1.383462
1.01838
1.087832
1.018189
1.746905
2.162851
0.9280547
1.561994
1.614264
0.04561193
1.137297
0.8448568
1.877659
0.3838329
1.694942
0.9385749
1.01782
0.3948145
1.800845
1.815115
1.435177
0.5450275
1.167736
0.567607
0.7305734
0.1802456
0.6077561
0.1250771
1.946112
0.3904706
1.484511
0.5781353
0.6610758
0.75493
1.754216
1.118349
1.10308
1.133248
0.1857898
0.5912929
1.988916
1.175833
1.994795
1.033049
0.4592691
0.713173
0.8172455
0.2673046
1.02067
0.8630337
1.343985
1.116405
1.908939
1.340003
1.047606
0.2886981
1.299821
1.258383
0.981214
1.325823
1.333723
1.023016
1.574077
0.648167
0.7958335
2.489902
1.086099
0.4492542
0.8197238
1.200274
0.6621427
2.846994
1.010736
0.8961047
3.000908
0.7634611
1.1132
0.8852624
3.915008
2.322757
1.893257
0.3597354
1.114503
0.6425767
0.5952967
0.375648
2.241383
2.24681
0.4962592
0.8174491
1.659522
0.6075811
1.187391
1.284367
0.7660513
1.298072
0.5167305
0.3153346
0.5260575
1.879386
2.138309
0.5332292
2.522672
0.708098
2.293726
0.477352
0.9893457
1.386594
1.118903
1.508037
1.246097
0.1512256
0.3597502
0.3076991
0.4529353
1.028055
0.4200398
0.5920915
1.546533
0.3818133
0.8169054
2.7116
0.9316355
2.596702
0.7126327
0.5865844
0.3312287
0.9646495
1.07165
1.424437
1.228675
0.6973238
1.487942
0.4785816
1.889836
1.404751
0.8496894
1.875091
1.162166
0.9304683
1.427298
1.327143
0.9730707
1.861397
1.031991
1.021557
1.092763
3.050854
0.7017073
0.4796131
1.14046
1.327404
1.141048
2.609815
1.501909
0.534652
0.8494656
0.719661
0.7909288
1.740943
0.2277679
0.8125085
1.324707
2.20352
1.727179
1.262526
0.9884047
0.9173378
1.562287
0.3624951
1.767401
0.2132125
1.10374
1.349987
1.496425
0.2848248
0.8689995
0.6328057
2.985439
1.817765
0.949243
1.30883
0.8450386
1.368065
0.951413
1.223953
2.528149
0.3498182
1.582617
1.020543
1.314067
1.172737
0.4278464
1.375602
2.268746
2.417122
2.348399
0.9768253
0.4440709
0.2290553
0.2153532
0.5474911
2.577373
0.3274145
3.326296
0.5595011
0.4275751
1.401322
0.5261972
0.9159272
1.984574
0.9199005
0.1897009
0.5070441
2.78559
1.906465
0.9415276
1.995665
2.087603
0.9387619
1.512797
1.070202
0.8501855
0.9372521
0.5202256
1.830776
0.7824882
0.6376071
0.676512
0.3549017
0.8328315
0.4617307
1.401742
0.9732768
1.551944
0.6825126
0.9270099
0.7177358
0.8865873
1.601231
1.399136
1.732853
0.6306517
1.244003
0.3526453
0.7405202
0.8525413
0.5281788
2.280922
0.7640273
2.139995
1.283429
1.914976
1.541623
0.5166564
2.311091
0.3382337
1.365454
0.4117779
1.614865
2.999281
1.374345
0.3692998
1.387607
0.8229393
0.6674046
2.375737
0.4508495
1.075627
0.4410977
0.9179804
1.341975
0.6360458
1.242219
1.316974
0.4738703
0.931833
1.37771
1.074032
1.406581
1.157104
1.313391
0.4117688
0.4537189
1.02746
2.546756
0.9004236
0.1594601
0.4070644
1.184197
2.961894
2.011435
1.241705
1.015573
2.040635
0.954783
0.3433075
0.6579378
0.8559276
1.836227
0.5544664
0.6479208
1.401311
1.120016
1.688515
1.624423
1.438804
1.211066
0.5792646
1.009047
0.9061525
1.585022
0.4959734
0.2905702
1.801274
1.531342
0.7520752
0.499361
0.273143
0.6881908
1.127974
0.9755801
0.6380569
1.543501
0.4582282
0.6858759
0.908504
2.437365
0.6881757
0.98638
0.3673733
0.9471459
0.4561364
2.541617
0.239368
2.971059
0.2917139
1.07918
1.9022
1.976727
1.378873
0.8521647
1.55759
1.459236
0.6805858
0.6761632
2.218807
0.4405221
0.7090803
0.5382467
1.44815
0.6397702
0.8606518
0.6849794
0.710446
0.7105157
1.079379
0.6755427
0.9880545
1.848359
2.086583
2.761102
1.380979
0.8561846
1.6556
0.9681513
1.671386
1.028752
0.5355191
1.535861
0.6676764
0.8002622
1.516042
0.9593859
1.482468
1.078405
0.2865198
2.08689
0.4496016
0.3697777
0.6946959
3.089262
0.882598
0.985033
0.900733
0.3586612
1.108175
1.053285
1.088728
0.7131112
2.006317
1.389993
0.711236
1.118615
0.6193319
0.4206232
1.109331
0.8587651
0.6174103
0.6660946
1.279037
3.39484
1.630577
0.5796276
0.9451227
0.9575876
1.837925
1.853786
0.9083227
1.540209
1.572172
0.5188182
1.120192
2.153207
1.36344
1.067503
2.894684
0.4120777
0.481241
1.608457
1.676703
1.795794
1.645051
1.518464
0.6884099
1.391011
1.513813
0.9323784
0.6676394
0.7290702
0.9484784
0.9145494
1.450823
0.2961806
2.194378
0.5655529
0.9163319
1.29826
0.7677295
0.413626
0.3275805
1.65514
0.8816236
1.188568
0.4374461
0.8247848
1.182258
0.4187094
1.396175
0.3560567
0.9689918
0.3304005
1.390541
0.6974866
0.3342409
0.6102503
2.488321
1.206901
0.89137
1.304783
1.653557
0.2695702
0.3011616
1.176411
1.604009
0.9329065
1.822845
2.343656
2.075735
0.2175328
1.01871
0.7793984
1.750991
2.651992
1.772917
1.491774
0.5917481
1.056734
1.453939
1.827591
1.328237
0.2830125
1.189726
0.370651
1.76993
0.8210797
1.477194
0.9672671
1.062722
2.550153
0.7463465
1.154159
0.287856
0.4396877
0.6847644
1.220532
0.4871312
0.5204498
1.555296
1.277797
2.680566
1.180245
1.591575
0.7696407
3.32422
1.278057
1.636253
0.8645734
0.7569053
1.835178
0.4525563
1.264503
0.3243814
1.938821
0.3846905
1.233272
1.452047
0.774306
0.2908029
0.4405858
3.660661
0.7235008
1.226058
0.8740483
1.803327
1.152752
0.4523807
0.4523655
0.7193591
0.742888
1.11886
1.520545
1.372476
0.71854
1.453457
0.6552079
1.74183
0.9320347
0.5680147
1.333087
0.8333001
0.4590083
1.11772
0.7206323
0.6263582
0.9546802
2.244126
1.710559
1.216653
1.000794
1.63526
0.4188542
0.9860892
0.4188119
1.000243
0.3847345
0.6052888
2.704117
1.613202
0.2106169
2.00942
1.72362
0.4126229
0.6740657
1.074044
0.6675284
0.5129914
0.5471694
2.008427
1.709098
0.7998465
0.4185789
0.5704098
0.5216385
1.334044
1.10376
1.617781
0.5705845
1.170529
1.081382
0.969238
1.330717
1.653611
1.062609
0.5105923
4.016066
0.6101135
0.749086
0.3080275
2.551432
0.7820996
0.4241591
2.592686
0.6515316
2.589118
0.4333965
1.220651
0.9728636
1.379088
1.465769
0.780493
0.704736
0.9112336
0.5017388
0.3236247
1.309779
0.6377078
1.437739
0.7291544
2.547485
1.645014
0.04667988
0.5408469
0.4985769
0.6948866
0.7596575
1.576815
2.274298
0.5021641
2.130396
0.8316406
1.353461
0.505629
0.9234225
1.993613
1.017721
1.255526
1.877097
0.4386736
0.5192066
0.856835
0.3680958
0.9664905
1.964539
0.9781067
1.324467
0.3790465
1.742843
2.181919
0.7496342
0.9926926
2.368667
0.466276
3.157314
0.7150837
0.8503532
0.7621369
0.9262424
0.2900449
0.5436709
0.3730361
1.868594
0.9611553
1.237203
0.8131917
1.051604
1.502282
1.383162
0.6747755
1.313126
1.205237
0.7135656
0.8927731
1.290289
0.6990843
1.506199
0.26911
0.3133341
0.6640236
2.090777
0.3642704
1.625125
1.540461
1.115798
0.6581525
0.7712784
0.5265049
1.695741
1.297139
2.064389
1.422568
0.9431851
0.8987549
0.4723934
0.4223776
0.5406215
2.121734
1.075428
0.5658073
1.029751
2.667184
1.176203
1.602765
0.8802571
0.6412197
1.613117
0.6260856
0.8734806
2.17636
0.6128616
2.000097
0.4565443
1.209791
0.1473729
1.975797
1.402386
1.11415
0.9183241
0.2627264
0.8684498
0.7512014
0.6307952
1.376759
0.4339874
0.4765215
1.147526
1.301195
1.811097
1.115769
0.6538383
0.9051847
1.821926
0.5982469
1.342451
0.8565028
0.7293026
2.010919
0.6026786
1.298159
1.690339
0.3464522
0.782978
1.286907
0.7609757
1.977082
0.8401369
1.209625
0.7624407
0.6478982
1.229923
0.8118984
0.8584823
1.063929
0.5843182
1.026428
0.8647264
1.16506
0.09735292
0.7341631
1.76374
1.391744
1.198723
0.4118841
0.669474
0.5017923
3.160734
0.8114261
1.396272
1.044649
1.492715
0.7750254
0.5724501
0.755356
0.9326679
0.3297758
0.7244279
0.5496648
1.796979
3.281555
0.7143383
0.8298988
2.37899
1.553525
1.808832
0.5550581
2.230002
1.328851
0.3575781
0.3093289
0.451411
1.513033
2.533571
1.564653
0.8258307
0.6358478
0.8969394
0.5139333
1.978882
0.414875
0.3330975
1.526563
0.3408504
0.4455108
1.821013
0.9116689
3.044355
0.8968804
0.9187936
0.906796
0.3888835
2.076642
0.1335662
1.872573
2.671865
0.789657
0.9044102
1.261906
0.7271953
0.4135361
0.58677
0.3345898
0.9836517
1.675548
0.9460228
0.8446257
1.623664
0.7899073
0.8917115
0.9622434
0.4078158
1.836624
0.2943098
1.29937
0.8304769
0.5106922
0.4057582
1.250512
0.07613728
0.4920715
1.879507
0.7289844
0.9541275
0.5025245
0.9410603
0.6895085
1.131526
1.934891
1.548236
1.510783
1.170737
1.232502
0.9687416
1.411185
1.434813
0.2577572
1.06302
1.090422
1.226685
0.5321082
0.4273514
0.2993947
1.113363
2.58677
0.8840068
0.2533045
0.8133361
0.6557461
1.438291
1.235879
1.737641
3.069548
0.9265162
1.179051
0.54981
0.8755716
1.030345
1.666133
0.9278621
1.582077
0.6600334
1.867273
1.35655
1.690823
0.5477751
1.097802
1.515474
0.8109901
1.091467
0.7704725
1.192441
1.236334
0.5195956
0.4740239
0.2847523
1.90241
0.5252408
2.326982
0.6363347
0.8695224
0.4288002
1.25924
0.462957
1.006122
0.9377673
1.077536
1.025687
0.6461431
0.398322
1.291944
0.7244454
1.472
0.5145264
1.280421
0.5021788
1.337491
1.298697
1.736956
0.204066
1.327436
1.363955
1.483505
1.622282
1.290572
0.7341699
0.808544
2.53914
0.7806855
1.403052
2.235129
2.56732
1.222117
0.7161768
0.7225343
0.6474257
0.9734549
3.140798
1.179659
0.3215964
0.8036468
2.690849
1.24889
1.054229
0.9117646
1.522846
0.07777288
1.471793
3.00408
0.1197929
0.8855995
1.124732
1.986738
0.3609624
1.63349
0.7827223
0.1229074
2.385463
1.180768
2.171881
1.741099
0.7354592
0.5551505
0.4602956
1.441622
1.45827
0.8009472
2.945804
1.193519
0.7463871
1.247605
0.857778
1.136741
1.264744
4.272694
1.198947
0.8741428
0.5834967
2.68742
1.213673
0.6623317
1.087067
2.113068
0.3996527
0.9325151
0.2573954
2.55794
0.8983181
0.3346451
1.172984
2.390202
1.437846
2.289106
0.3041794
0.9291284
0.9848042
0.2125596
1.67957
1.525692
1.17729
1.272701
0.238351
0.7829658
0.6666699
1.470738
1.275458
0.7828032
0.7021767
1.294128
0.3899661
0.5331339
2.795642
1.348893
0.8835431
1.423539
1.342073
1.701094
0.9887786
1.307358
1.255447
1.323454
0.7210752
1.757596
0.8134993
1.548978
1.060654
0.7631267
1.17955
1.112502
1.629146
1.14392
0.364498
0.5744783
0.3449929
0.4834293
1.188726
1.502777
1.736136
0.7420845
3.162747
1.063504
1.211455
1.016255
2.078285
2.075458
1.255151
0.9423508
1.746305
1.645819
1.172623
0.7398807
1.221463
0.3053052
0.3195613
0.4024897
0.8504388
0.8638399
0.7183908
1.354662
0.3627719
1.355937
3.098535
2.015982
2.261146
1.990154
0.7086613
0.7846163
1.570847
0.7407056
0.7633342
0.3638092
2.29455
1.404249
0.9454974
0.77538
0.802909
1.050745
1.197002
0.8050045
0.8072886
0.6393478
0.8624579
1.619634
2.039948
0.7186375
2.180271
0.4204941
0.3267045
0.7725989
1.540283
1.312363
0.8766447
1.142009
1.233405
0.3363714
1.188363
1.202238
0.6056929
0.5738965
2.235121
0.6964858
2.404601
0.7822373
2.461313
1.261362
3.270091
0.7402957
1.318498
0.5341728
0.4985195
1.471448
0.6507185
0.6873258
1.201272
1.244498
0.895396
0.512961
1.266307
0.6161764
0.6728198
1.038524
1.111991
0.9476865
2.673098
0.8038622
2.232831
1.56683
1.202139
0.9981374
0.3697938
0.4948753
2.041591
1.201731
0.8338146
0.643254
1.165724
1.344802
1.740915
1.52519
1.956407
1.04836
1.197355
1.667067
0.7374869
1.270981
0.4402335
0.2281344
1.978744
0.7988153
0.6574944
0.9089951
1.349025
0.4079388
0.2963864
1.113649
0.8851852
1.189707
0.9302004
0.7840762
1.136486
0.5137485
0.986785
0.5746007
0.5173997
1.131965
0.6003094
1.654746
0.7000596
1.307381
2.127835
0.926162
0.9834946
0.7659292
1.238576
0.4589156
1.223758
1.33643
1.390648
1.536452
2.34539
0.8096479
0.3211819
1.092815
0.8622298
1.147358
1.288312
0.7610325
0.9528346
0.2754083
1.166337
2.002153
0.5127819
0.4749829
1.481281
0.9712785
0.9583906
1.126119
0.8972411
1.201184
1.041723
0.756087
0.5400286
0.6344842
0.9389477
1.279061
1.034271
1.27411
1.881328
0.8386858
1.506712
3.095316
0.6723655
1.366321
0.6619043
1.789395
1.296389
1.117353
1.505117
0.1829058
0.9017246
2.959633
1.572447
0.4014096
0.8688086
0.3838901
0.6918222
0.6806746
0.9758462
3.560293
1.042835
0.9189802
1.306107
0.8223945
0.2851916
1.015519
1.043556
1.899913
1.421922
0.4449198
1.570785
2.163514
0.7405537
0.9852083
1.410905
1.314849
0.7469656
1.930139
1.098891
1.159059
1.164312
0.3884594
1.801919
1.029361
0.6213093
0.482578
1.699909
1.860597
0.673048
0.665412
2.124885
1.132161
0.6004346
0.5174041
0.6742321
1.426364
1.856292
1.02379
1.536902
1.213762
1.893951
2.446181
1.28775
1.492528
2.422933
0.7766015
1.197382
1.5948
1.660169
0.3446413
2.064823
1.390013
1.448853
1.081515
1.982405
1.139166
0.9622627
1.921516
1.659586
2.312713
1.611795
0.9349329
1.828787
1.147647
0.5434324
0.8989749
1.488424
0.9183186
0.755
0.8925624
2.998415
0.741469
0.2829035
0.4960564
0.6940916
1.718313
0.9095985
2.188
0.5917536
0.2863847
1.645423
0.8440244
0.5608084
1.8364
0.5453951
0.344944
1.181957
0.1442688
0.730387
0.9226336
0.0900956
1.565999
0.7168942
0.6803854
1.174584
0.9190011
2.435273
1.70863
0.4631562
0.5796808
0.3636064
1.564235
2.202777
0.7408343
1.549042
1.365834
0.3869167
0.7108514
1.018134
0.9646732
1.539451
2.958893
1.021075
1.007257
1.419454
1.171992
0.4679692
0.8075816
2.117859
0.7227875
1.007398
0.9213336
0.7848881
2.60743
1.597519
1.339319
1.998573
0.9087465
0.7105671
0.6149409
0.426312
0.7069262
2.110992
0.932648
1.942451
0.886037
0.9234752
1.076835
1.498846
0.2932162
1.423007
1.461287
0.6703825
1.027531
1.639793
0.9232121
0.8807948
0.9102913
0.4306644
3.331214
1.328695
1.293062
0.7845932
0.8622408
0.6985651
0.799788
0.6713077
1.337698
0.5519325
1.086598
1.366322
1.000418
0.905856
1.160053
1.108736
2.391136
1.760252
0.6810782
1.152523
0.6735905
0.3331363
0.9499927
1.643505
0.7106372
1.590299
1.2157
0.6381246
0.721215
1.683426
0.789057
0.7138984
1.282224
4.397837
1.904416
0.8204215
1.611702
1.322709
0.3094188
0.8739719
0.5498005
0.2535766
0.6723779
0.3211324
3.696143
1.173667
2.404237
1.618531
3.001201
2.179941
2.195247
1.54841
1.138116
0.5570378
0.8188919
0.6108144
1.047616
1.218643
0.8452198
0.4568724
1.277675
0.733569
0.6160531
0.9839224
0.8321232
0.8588556
0.474548
1.787248
0.3087131
0.9795863
1.000923
1.226984
1.182312
1.424078
0.6770971
0.4687072
1.967624
0.7420182
1.204813
1.425216
0.9134504
0.7761783
1.333039
0.6287402
0.1396531
0.5721586
1.413288
1.690651
0.05181994
0.5747363
1.461012
0.8716075
1.450436
1.61398
1.487863
1.316633
2.071103
0.7931817
1.190036
0.1960533
1.981548
1.363914
0.9315108
1.55171
1.087784
0.7485699
1.085097
1.264685
0.6072295
1.25799
2.174442
0.6337486
0.4556911
1.379376
0.6244009
2.101004
0.4884504
1.543587
2.216278
1.148658
1.544297
0.6233173
1.021627
1.977344
1.115085
1.903328
1.563218
0.6696187
3.02853
1.291486
0.3528288
0.6081864
1.462221
0.6433394
1.105144
1.834806
1.078773
2.522852
1.925818
0.9477095
0.7532659
0.4669814
1.752272
1.223608
1.754018
1.255492
1.529522
1.670357
1.772597
1.595747
1.877392
0.4198923
0.5480053
2.761298
0.9094009
1.442875
1.419013
0.4916014
0.4347959
1.337073
1.007622
1.21348
1.300015
0.6138942
1.132693
0.2291943
2.661299
1.839535
1.157344
0.8243338
2.814605
1.86149
0.3926407
0.6130673
1.001938
1.146014
0.9699993
0.8591038
0.8032547
0.8937074
1.024359
0.8318333
0.3681424
1.020568
1.891761
0.5202906
1.375148
0.4500477
1.121268
0.2682836
2.68984
1.635099
1.816288
0.7694059
1.346616
1.662426
1.103441
0.655996
0.9393332
1.861234
0.8271703
2.100206
0.748853
0.9078418
0.8405057
1.291134
1.400683
0.6626193
1.736912
0.3821654
1.366663
1.713691
1.970645
0.8202025
0.2768779
1.070773
0.5177993
0.558286
0.2649747
1.494002
0.5643863
2.013579
2.26467
1.909267
1.260689
1.10532
0.09261939
0.863025
1.942968
0.3085941
1.641018
0.2534703
1.084785
0.2942868
0.3554641
3.811603
2.001434
0.8319578
1.256081
0.872862
1.291963
0.5449434
1.52875
0.9234423
0.4817048
1.070121
0.8654895
1.274461
1.966391
2.084538
1.31439
0.8223025
0.8284231
0.8156186
0.9021105
0.4651217
1.659708
1.140047
2.689727
1.229718
0.6871337
0.445081
0.595074
1.296143
0.2746232
0.6921083
1.955276
0.8479194
0.9750196
2.279564
1.467572
0.5396146
2.629263
0.4505755
1.698893
1.998598
1.793886
0.6156893
0.5795781
0.6693826
2.098655
1.0816
1.350397
1.729822
1.483271
0.8762734
1.973757
1.223008
1.022081
0.9176958
1.508786
1.752042
1.744526
2.960255
1.420769
0.6168674
0.6110836
0.2113715
1.118503
1.639323
0.9167498
1.289796
0.6062455
0.2694603
1.462003
1.333057
0.8205013
1.09996
1.0698
0.766737
0.8765445
1.872005
1.596518
2.222971
1.268081
2.45302
0.7672735
1.093571
0.4294411
0.5807516
2.410937
2.163778
0.4885998
1.218366
0.8689377
0.3153696
0.7350712
0.8420319
1.515015
0.983468
0.7454325
1.917207
0.6664363
0.07892637
2.048036
1.025528
1.196609
0.1796892
1.352987
0.7031749
1.105178
0.9625469
1.573099
1.839711
0.3523708
0.9359383
0.6127692
0.4587492
3.814278
0.06236698
0.8649247
1.654955
1.304963
0.9577711
0.8271393
1.800193
1.760206
0.7226362
1.02169
0.9482771
0.9065134
1.161889
2.235153
1.306272
0.8407828
0.5545802
1.372836
1.534512
1.163087
0.6511734
1.134591
1.011545
1.689954
0.77776
0.4553897
1.306602
0.380526
0.8378239
4.188254
0.5739394
0.3129825
1.118237
2.59237
0.7724221
2.85679
0.2195498
0.6764221
0.8311046
1.625081
1.189699
1.066054
3.669445
0.8082121
1.498078
2.20427
1.310316
0.5976752
0.757893
1.14719
0.6721857
1.488936
1.110263
0.833803
0.2696345
0.6918119
0.7463674
1.440796
1.063203
0.5721505
1.251782
1.36107
1.402094
1.833514
1.552877
2.394687
0.8502309
0.7029066
1.199347
0.5112787
1.245082
1.715307
0.5406906
0.8231992
0.1420532
0.2040359
2.168322
0.4328777
0.3162164
1.043075
1.350031
1.344456
0.855255
2.769773
1.758059
0.3940195
0.1739443
0.7011743
1.574
1.099993
1.459599
1.399352
1.216892
1.010124
1.630759
1.938664
1.288363
0.4151357
1.370928
0.2979808
0.2960328
1.265419
1.149823
1.842802
0.6862008
1.481962
0.657074
1.116221
1.839903
0.8902583
0.6740468
0.7049375
1.097827
1.125945
0.2389714
0.8967338
0.4688194
1.22906
1.859158
1.375973
2.166321
2.188939
0.671688
1.412404
0.3038574
2.573855
0.5414005
0.9762003
1.725502
0.9967185
1.128632
1.297587
0.393521
0.6930715
0.1693488
1.301879
0.4235568
1.266328
0.4853679
1.611476
1.478924
0.6831743
2.15347
2.458419
1.366538
0.9074805
0.6742273
2.208864
0.5593944
1.03698
1.18641
0.5977941
0.8333212
0.548729
1.732381
1.467832
0.8174949
1.08448
0.6690887
1.17416
0.9403177
0.2324057
0.792091
0.6133853
1.473635
1.11312
0.4609599
1.392628
1.67451
0.6690453
0.4620422
0.954458
0.5842968
1.088913
1.378659
0.7185122
2.259164
1.479403
1.060287
1.750667
1.586893
0.7143526
0.1888228
1.264795
2.166177
0.3023914
1.396271
0.4878718
1.678588
1.166326
1.309774
1.128523
1.537535
0.8049192
0.7467174
0.7209449
1.174112
1.672957
0.6348955
1.03289
0.9488079
1.354256
0.618317
0.8448188
1.479822
1.98996
1.901984
0.5843623
0.3831484
0.6001406
1.030823
0.7739492
1.087726
0.5988155
1.758597
0.4611197
0.5333947
0.3312443
0.7218575
0.7349586
0.534222
0.8587347
2.584693
0.4589601
0.7097529
1.605627
2.119579
3.638874
1.287642
1.54196
1.3149
0.4947747
0.9650577
1.26405
0.8873918
2.093672
1.056774
0.7941035
0.99751
1.752813
0.9314348
0.7876492
0.5203264
1.491897
1.007384
2.591637
2.499879
1.61952
0.3739962
0.6264814
2.016277
1.256423
2.060667
0.6063323
1.215278
1.524246
1.923778
3.850695
0.7025001
0.8425772
1.106575
0.2891917
1.755526
1.261215
3.022486
0.8645791
0.4136985
0.5816172
1.974006
1.930768
0.3835312
1.239143
0.6889323
1.322084
1.424296
0.8701458
0.7359498
0.5868207
1.148865
0.1394106
1.954156
1.932637
1.047719
0.9724519
0.7710809
0.8810758
1.766732
2.611778
1.150756
2.300978
0.7813328
0.621514
0.7790107
3.040336
0.4391301
0.5266515
2.611979
0.7409
2.084251
0.7366684
1.321932
1.386404
0.6162935
0.8523916
0.181928
1.561248
2.038256
0.8709325
0.3841635
1.781534
0.6671178
0.3685393
1.398382
1.667499
0.7088211
1.559643
1.507958
1.288416
1.306062
0.2814252
1.107241
0.8055582
0.8480213
1.370849
1.251383
0.1016315
1.291663
0.9168622
0.4696832
0.495159
1.5638
0.3266401
0.210157
2.428815
3.426802
1.392001
1.097619
0.8669042
1.132879
0.6655377
1.38829
0.6194904
2.296082
0.4030985
1.264048
1.171691
0.7620559
1.124907
0.6147976
0.8199679
0.9118217
0.7229143
0.5106785
0.660348
2.217227
0.9374717
1.893795
0.8318463
0.6936727
1.750457
0.9253148
0.858941
0.5226133
2.282361
2.604977
1.103695
1.076124
1.607709
0.6884075
0.9371623
0.5823924
1.014526
1.418023
1.997818
1.173884
0.4151404
0.442552
1.440306
1.544452
0.6511629
1.954937
0.7277221
0.5295067
0.3214162
0.851221
1.252559
1.414192
0.3825253
1.492082
1.253692
0.8492266
1.231611
1.64269
1.006775
0.4086071
1.345805
0.9665566
1.341958
1.07265
0.4535403
0.5580983
2.79434
1.005447
1.39444
1.664327
1.591444
0.2051218
0.8703685
0.4462079
2.090038
0.7329278
1.280039
1.03773
0.9281459
0.297787
0.8563636
1.4336
1.019738
0.8535942
0.6100786
1.065167
1.773962
0.5252728
0.986912
1.042812
0.316541
0.565704
1.484186
1.304657
1.802762
0.845262
0.8228769
1.750485
1.998277
1.393118
0.6822516
1.550501
0.9524399
1.246521
0.7708452
1.545367
1.006969
1.118749
0.8145121
0.8147867
1.194379
1.07477
0.5125687
1.325871
0.720512
1.663289
1.582158
0.314729
0.9698444
0.3849857
1.230615
1.615657
1.143509
2.300209
0.8396606
1.978126
0.9351501
0.5330606
0.6706264
3.985291
0.7092108
2.529204
0.4981013
0.7992208
1.480426
0.7891881
0.4533653
1.870016
0.8167636
1.262361
3.175656
1.043025
1.454796
0.2185172
1.094536
0.2043479
0.4191559
1.317267
1.086274
2.223369
1.481103
2.473854
0.86161
1.021753
1.678229
0.861244
0.4661855
1.336248
1.044402
1.325041
0.9865399
0.7797729
0.6771954
0.4056191
0.8625403
1.493292
1.541992
1.773695
1.390142
0.9890666
1.026579
1.537053
0.9493981
2.000327
0.4046871
0.3558871
0.914566
0.7649909
0.2149487
0.8284879
0.8881192
0.8114169
1.576341
2.597148
0.4943508
1.316582
0.9254289
1.528617
2.239422
0.7032261
0.411956
1.118553
1.85792
0.5861483
0.8290039
0.7173039
0.7291682
1.310809
0.627366
1.275257
2.39279
1.214122
1.900002
1.228855
1.009581
1.770333
0.4684327
0.9202275
0.4717318
1.310372
0.9172103
1.529088
1.199088
0.7064892
0.9974768
1.855065
0.4188626
1.01081
1.346603
0.7016127
1.50776
0.9278737
1.627766
0.7849311
1.220825
0.7119423
0.7342517
0.2819615
1.488885
2.980651
1.736793
0.9741241
2.064658
1.661002
0.3102197
0.3168048
0.6537824
1.543394
0.5631059
0.9996525
0.9580707
0.7870757
1.42213
1.33383
1.168981
0.6033707
1.16527
1.243688
0.6333357
0.7453075
1.198068
0.6842534
1.462115
0.4365826
1.834357
0.7995545
0.8923144
1.284807
4.108021
0.462062
1.660561
0.4623095
1.123196
0.799111
1.9644
0.8190941
0.6709387
0.7580799
0.5300785
1.498878
0.875978
0.6002958
0.2519511
1.685133
2.02684
0.3310303
0.5569684
0.3863298
0.1410362
0.7538961
2.499211
1.051309
1.303577
0.4048368
0.6155563
0.9438611
1.281412
2.066046
0.226928
0.7030156
1.012553
1.000282
0.4615832
0.6577861
1.895769
1.207675
1.29307
2.220945
1.045672
0.3733112
0.2730043
1.436876
0.6452164
1.290156
0.482735
1.729589
0.6006437
0.8955941
1.467895
1.169921
0.3495685
0.6568644
0.5703343
1.919386
1.108282
0.9133705
0.4329671
1.320825
3.376636
0.848342
0.421321
1.022175
0.6862908
0.9307942
0.3564697
1.853725
0.5593729
1.838768
0.7467159
0.3041986
1.446972
1.520134
0.8169559
0.7549877
0.8040367
0.7461218
0.3726039
1.673025
1.18309
1.781991
2.170302
2.136097
1.65293
1.6056
0.6003385
0.4415621
0.5123707
1.567669
1.04907
0.6533884
0.6683348
0.4676603
1.522633
1.531233
0.8343606
1.116777
1.706558
0.7130595
0.9641757
1.003789
1.922401
1.017244
2.542899
1.839648
0.7350535
0.3738669
0.8486901
0.5652597
2.251313
0.7833601
1.731767
1.164935
0.7512799
1.65078
0.3267001
1.412823
0.4434881
0.3363682
0.7433312
1.497932
0.8839541
1.104184
1.081062
0.6557843
1.000923
0.8646985
0.9041597
1.567632
1.886953
1.154689
2.276352
0.5316705
0.8934271
2.905651
0.5836679
1.18642
1.109988
1.590108
1.114109
1.800542
0.8280554
0.5868282
0.970195
1.627099
1.287236
0.7216603
0.715224
0.5509758
1.310865
0.5086536
0.7481013
1.464267
1.144378
0.3904064
1.691148
0.9261711
0.3692684
0.3029336
0.8771137
1.078622
1.398382
0.4991048
1.773819
1.833725
1.3354
2.622794
0.8361803
1.992278
1.918197
1.440318
1.500404
1.316063
1.895804
0.6770864
1.032983
0.592215
1.368359
1.195948
2.721221
2.512542
1.341743
0.09979854
1.061718
1.827271
0.8281494
3.791432
0.2705164
0.6610773
2.258854
0.2496508
1.170495
1.612084
1.489474
0.6184055
0.6471942
0.5724819
0.8356166
2.059987
1.012275
1.315038
1.825399
1.210355
1.221088
0.788586
1.186067
0.6991084
0.2040186
3.052449
1.918913
0.4545311
0.7466291
3.368856
2.268303
2.852377
1.187572
1.10148
0.6039171
2.061115
0.9738125
0.8724591
1.507458
0.9709689
1.209813
0.3640702
1.670082
1.325352
1.535852
0.9229026
0.5855003
0.9444203
1.801023
0.5635667
0.7502367
1.746182
0.8240373
0.3855957
0.6111629
0.7874409
1.395484
0.8298174
0.5066449
2.000255
0.3769557
0.783915
0.3678374
1.096412
1.326315
0.6204582
0.9853195
1.674534
0.3902733
0.7740365
1.88178
1.097243
1.005949
1.013308
1.445699
1.140635
1.415119
0.6724939
1.073766
0.894709
1.241759
0.6291019
1.345407
0.7934704
1.879756
1.262356
1.26255
0.7724484
0.3916401
1.694186
1.553811
0.2890827
1.173671
0.9485039
0.5797703
1.368093
1.015832
1.348451
0.2522119
0.8034366
1.963133
0.7956539
2.23548
1.380733
0.3461633
1.176561
0.9535524
1.339743
1.668869
1.32538
1.122424
0.4271066
1.321246
1.153553
0.6461762
1.105918
0.2906639
2.675314
0.8433785
2.455267
0.6019392
1.621302
0.6740525
1.209395
0.1363493
2.517476
0.5695126
0.6774027
1.725177
0.8172498
1.047745
1.40793
1.560771
0.77482
1.923511
0.2146258
0.8292436
1.00326
3.066543
0.6706494
0.2081426
0.7503343
1.590472
1.413114
1.206649
1.233654
0.4437109
1.063317
0.5518657
0.5049376
1.393678
0.5167385
0.961934
1.014816
0.676893
1.228704
1.582422
0.7654167
0.8292778
1.843217
0.7188349
0.5294723
0.5965768
0.6270667
0.2761715
1.371383
1.663474
0.7641318
1.635881
1.445479
0.4037344
0.2302515
0.6857516
2.237279
0.6631717
0.5290714
0.2415583
1.988683
2.741862
1.240663
2.281013
0.4255536
2.117261
2.157997
0.5050623
0.4798743
0.9891036
0.7157698
1.434312
0.7628548
0.8869968
1.619838
0.5342393
1.796941
2.655429
1.233584
0.7046409
0.5823291
0.3270427
1.624784
0.5852129
0.2758997
1.63545
1.784949
1.550644
0.7509658
0.1999568
1.636378
0.6455498
1.471738
3.010369
0.3970112
0.7668433
1.04622
0.667324
0.1800809
1.27911
0.2561129
2.528654
1.979113
0.3842229
2.818243
1.764982
0.3625933
0.9024358
1.182219
1.885512
1.356325
3.203832
1.504845
0.6116004
1.175182
0.9365669
0.6694127
1.688951
1.340602
1.01386
1.801029
1.664883
0.4866106
0.6644481
0.460663
2.237295
0.6114858
0.6685976
0.4964507
0.4851969
1.014644
2.673217
2.055671
0.7764716
1.758936
1.986893
1.873445
0.2734188
1.722164
1.625211
1.620133
1.559542
0.9424324
0.3969091
2.488697
0.7152525
0.5545582
1.678877
1.332788
2.598055
0.8816597
2.206153
0.4564514
0.6767739
0.7934765
0.9763836
0.1643794
2.902266
1.295833
0.562945
0.8133028
2.515616
1.379912
2.778809
0.9462445
1.13527
0.6993333
1.278315
0.6902777
1.483559
1.02777
0.7319118
3.262064
0.3408681
0.6501275
0.8158225
0.9037374
1.317366
1.237036
0.1173724
2.469565
0.9458904
0.805545
0.7505573
0.4864173
1.28353
0.5266252
1.168979
1.11644
1.00876
1.674909
0.5462265
1.415706
1.739315
0.2548291
0.5538735
1.486291
0.4001838
0.844563
0.6020444
0.8240802
1.453332
0.9649298
2.846117
1.403049
2.772654
0.5429083
0.9470496
2.077671
0.9199077
1.510046
2.117379
1.288003
2.093834
1.536467
1.369678
0.5151188
1.035814
1.477327
0.4987792
1.243945
1.873152
0.5526654
0.9893708
1.316809
1.608206
1.428412
0.8038987
0.9023708
1.578222
2.435417
1.241445
1.851732
0.4386418
0.2261599
0.4208598
1.165107
1.290459
0.6410962
0.6233888
0.4270825
0.158961
1.645285
1.050494
1.177229
1.096574
1.424781
1.247466
0.3650486
0.4581142
0.4108171
1.609037
2.082508
1.644548
1.132871
0.2156455
0.528341
1.349518
0.6075057
0.5838885
2.019774
1.692381
0.6722032
0.6757832
3.286948
0.8287272
0.9530343
1.110005
2.187233
0.728392
1.381099
0.4823859
0.3212231
0.876587
1.182305
1.169333
1.054981
1.432303
1.013294
1.28903
0.7387997
2.677708
0.9676776
1.284931
0.6561966
1.155374
0.8615529
0.3834243
0.5579217
0.7831675
0.6081197
0.4587505
0.4312152
1.040686
0.8569537
1.218437
1.065202
1.87073
0.780728
2.395719
0.6117091
0.9880585
1.299367
1.232655
0.64142
0.1348996
1.82762
1.161936
0.7438192
1.208308
1.956396
1.363323
1.225379
1.915815
1.528585
0.9307515
1.869443
1.593723
1.722739
1.361791
0.3853645
2.174248
0.06871392
2.101738
0.629852
1.345289
0.7491224
0.5669711
1.992722
0.9233007
0.955451
0.888712
1.311418
0.9827617
1.047902
0.966522
1.11755
1.741817
0.7766949
2.108761
1.178029
2.494176
0.8874618
2.893565
1.014906
1.518259
0.7045782
1.33801
1.925473
0.5810024
1.502119
1.169209
2.153033
1.203771
1.599103
0.693228
1.223693
2.157613
0.6041424
1.990886
0.4425651
1.363666
1.271828
0.2897334
3.497087
1.364417
2.455191
0.5675849
1.645088
1.106579
0.4405812
0.5305111
1.198342
1.201864
3.787989
1.751337
1.360032
0.5452652
2.109659
0.5959087
0.3910458
2.541755
2.482042
0.5029685
0.5021076
1.500836
0.5596847
0.5386957
0.7419025
1.431019
1.190806
0.7374239
0.2622031
1.346446
0.7149822
1.11326
0.3039968
1.054622
0.7688725
0.7087317
0.746255
0.5605335
1.176338
0.8585517
0.3714699
1.178432
1.716977
1.647389
1.335317
0.5903701
0.4964487
0.4371405
1.275075
1.282349
0.4583133
0.5357797
1.191677
1.141976
0.5116425
1.277271
2.605891
0.9846587
1.82045
0.318223
1.266017
1.626236
0.4731798
4.008708
1.847979
0.959469
2.311753
0.9347559
0.794968
1.517674
1.592823
1.226965
1.559638
1.262735
0.6035974
0.5260134
1.036371
0.5663121
1.230859
0.6284517
1.121294
0.6740011
1.670531
1.394235
1.005439
0.8750593
1.491279
0.3755181
1.563317
1.258806
1.858879
2.141159
1.38975
1.108064
1.15747
0.4293243
2.418236
1.435742
2.226772
1.258878
1.312644
1.594123
0.6163087
0.8892361
2.543511
1.268556
0.6746605
0.8116295
0.7804641
1.207902
0.6163929
0.5973965
1.531549
1.466443
0.9738061
0.976665
0.5285247
1.307194
0.4182952
0.3300144
0.08518504
2.270851
0.3260786
0.5900761
0.8805083
0.9715769
1.969375
1.929545
1.589333
0.6688364
1.112955
2.12228
1.443314
1.027455
1.12783
0.2806865
0.9793861
0.9682712
1.057709
1.694945
2.093595
1.664182
1.97462
0.6528574
3.010365
1.368137
2.778753
1.002505
1.113914
1.532774
2.16625
0.7860403
2.466825
0.4618623
2.017898
0.3326356
2.60908
0.9238947
0.4397565
0.9188501
1.904695
1.133172
0.8454665
0.857237
1.444988
0.5520293
1.70201
0.6253936
0.8590471
0.3004364
0.5333471
1.428486
2.460304
1.781961
1.027679
0.5069062
0.7294181
1.198169
1.357682
1.257359
0.6568749
2.58374
1.098335
0.5000814
0.3700566
1.806062
1.285805
0.5103004
0.9439218
2.005513
1.797485
1.074162
0.5625336
2.251096
1.530906
1.52798
0.1791097
0.815153
1.103282
0.9934315
1.982295
1.003372
1.513572
1.20888
1.412243
0.7829988
0.7961122
0.6971324
0.8804316
0.5409195
0.244088
1.056312
1.211124
0.9832355
2.669518
1.577109
2.176763
0.6875023
3.085161
1.819244
1.244966
0.8912705
0.672676
0.6714478
1.437494
1.58019
1.435797
0.7115287
1.588755
0.7779739
2.186226
0.4443816
0.9075026
1.197096
1.905223
0.9884665
1.844677
2.57811
0.4698704
1.959567
1.848517
1.509456
0.3245964
1.053352
0.06863138
0.5342395
1.473877
0.314648
1.477674
1.678005
0.7195255
0.2014622
1.064064
1.293578
0.3727727
1.007575
0.849797
0.3604098
1.15188
0.7005674
0.6223231
0.7965958
2.151248
1.912362
0.6924993
1.110353
0.1707271
0.8384969
1.871336
1.845075
1.390207
2.044161
1.585027
0.8379565
0.6485805
1.944085
0.6724377
1.139937
1.930996
0.9619267
1.374264
1.145907
3.110762
2.752744
1.472978
0.349862
1.364892
0.7390837
1.390428
0.8744192
1.892973
0.4065718
1.58212
1.10785
0.2999016
1.05421
1.384934
1.202275
1.057463
0.4060659
2.317356
1.026208
0.507866
0.4652587
0.305657
0.7273939
1.031357
0.2819354
1.778822
0.9771928
0.4898014
1.041123
1.097565
0.3916678
1.187275
1.153683
1.909594
0.7865227
0.4940381
2.120811
1.005023
2.603126
1.022894
1.099718
2.074875
1.034496
1.946123
2.389626
1.118228
0.7499883
2.113544
1.442279
0.5995627
1.142785
0.974135
0.5084035
1.80973
1.09885
1.69043
1.058907
1.665586
1.056048
0.536641
0.2390774
0.5565427
0.9166988
1.258851
1.557266
0.5207454
1.281813
0.3342312
2.101508
0.2497834
0.8943538
1.224106
2.440478
1.340047
1.01412
0.1136426
1.218595
0.6334542
0.976437
1.24769
1.452839
1.584055
1.367532
0.2793316
1.082955
1.690344
1.341599
0.694616
1.917249
0.315616
0.5088223
0.2689138
0.4777052
0.9417995
1.152593
0.8877439
1.891648
0.5509256
2.193102
1.284132
1.308261
0.3814475
0.9466438
1.485455
0.7088197
0.4712628
1.442758
1.386205
0.3581161
1.000439
2.043626
1.969106
1.723018
1.557973
1.170605
0.09623279
0.8813985
0.3808228
0.3945956
2.436015
1.686562
1.531241
0.6869484
1.361239
0.3890481
0.8802528
0.9740142
1.029031
1.26339
3.48522
1.525426
0.5160958
0.7814372
1.770171
1.366389
1.029455
1.279538
1.378941
1.022088
0.4445285
0.7172
2.189664
0.5860631
0.2362459
1.15028
1.761801
0.8035657
1.018734
1.042425
0.4803207
0.8793918
0.6234143
0.8794733
2.705073
0.7979129
3.718547
0.5868989
1.805072
0.4603128
2.508226
0.4880431
3.377697
0.6574189
0.6656614
1.817365
0.9533483
0.7888487
1.330582
1.171976
0.6215774
0.4430092
1.024814
1.53454
0.8499581
1.726728
2.434054
1.392128
1.396597
2.2267
0.3435051
0.8368111
0.9466667
1.644273
1.185007
1.461099
2.61825
1.425953
0.9317631
2.164567
0.9137879
1.139597
0.5179526
0.5761643
0.1330296
1.331474
0.7453987
1.245148
1.456294
0.8377591
1.167278
1.141736
1.086099
0.7137383
2.753425
1.44372
1.841226
0.484333
2.365897
0.6346463
0.545127
2.69395
1.605393
1.517815
1.499196
0.8790986
0.872236
1.026616
1.295526
1.889756
0.6802258
1.584753
0.507837
0.6776662
2.243821
2.059927
1.21506
1.293352
2.615858
1.666128
1.379988
1.219656
0.7986794
1.271777
1.719667
0.9008977
2.21626
0.5200343
1.048154
0.9493527
1.938456
2.637635
0.8417552
1.094333
1.508775
0.6861599
0.5906666
0.5556291
1.773799
0.9573799
2.244546
1.262634
1.416774
2.265724
2.990347
0.7078592
0.5832193
1.02652
0.8440714
1.554388
0.2286775
1.310103
3.115625
1.826478
1.150179
0.353362
1.758865
0.5195406
1.01655
0.453799
2.644732
0.9278879
1.247472
0.1998397
1.563758
0.3155479
0.7398491
1.974454
0.7246067
0.8613984
0.9865418
0.8563147
0.5696354
1.253294
2.351413
1.093999
0.4214599
0.7264807
1.811028
2.594997
1.661755
2.687381
1.212758
1.736941
1.360379
0.2922613
1.445034
2.954543
1.024537
0.4266942
0.7496187
0.4197532
0.5655502
0.2027961
2.050603
0.899321
1.200927
2.908978
0.1975685
1.387261
0.7340293
0.6556008
0.3479893
1.757844
2.28831
1.476323
0.4874202
1.710652
1.530632
1.368143
0.9191953
0.7636522
1.078962
2.651489
0.9685535
1.393844
3.451411
0.6116636
0.7249427
1.135997
1.865536
0.4248159
2.081713
0.8684487
1.035498
0.3606079
1.467072
1.424812
1.486831
2.052119
0.6217309
0.5923171
1.543185
1.018525
1.799084
2.83897
1.086797
1.905556
1.782508
1.387954
0.5940877
0.4283528
0.8063974
2.366326
0.4126775
1.592844
2.183054
0.4999748
2.19649
1.189077
1.16472
3.651572
0.8577345
0.659385
0.745962
0.8794621
2.017716
1.190832
0.8933439
1.138245
0.3519441
0.3564007
1.040859
1.753097
1.406397
2.287243
0.562103
0.6217105
1.283045
0.4950049
0.4262277
2.847938
0.3432263
2.133612
0.8755167
0.5091674
1.478625
0.4235554
0.5012252
0.9789543
1.904306
0.2664781
1.951696
1.8136
0.655706
1.873687
1.754875
0.4132784
0.7508131
1.248379
0.5774085
0.8755644
2.272004
1.403295
0.5639115
0.8362502
1.340254
1.597574
0.4108748
0.4808599
2.019649
1.159362
1.161469
0.5682289
0.4527052
2.266033
0.6701389
1.209039
0.6053677
0.3284643
0.7563693
2.174311
1.245158
1.135309
1.486306
0.6235364
1.841086
2.38781
1.24432
0.6487162
0.5765338
0.8314683
0.7787421
0.5544636
0.9516357
1.777686
0.17463
2.273399
1.28013
2.093922
1.682994
0.8038098
1.865315
0.6073802
0.4315409
0.5059081
1.419182
1.570439
0.4539579
1.28793
0.697898
1.2429
0.7304002
1.320016
2.562266
0.5827299
0.8908217
0.1840585
2.506705
0.4728725
1.886007
1.258573
0.8374968
1.403006
1.535387
1.201865
1.257472
0.2162183
1.12883
1.315297
1.496178
1.587402
0.4723965
0.9143874
1.64376
0.5814138
1.449052
1.396681
1.861702
3.083652
0.6908691
0.9173858
0.7073912
0.7197206
0.6039795
0.8973789
1.038184
0.5534136
2.421019
0.8887153
0.5220185
0.5618962
2.834068
0.8337068
0.5533339
0.6082993
1.161203
0.4048589
0.6883257
0.584598
1.180053
1.940252
1.646378
1.664733
0.4129446
0.2997658
0.3941104
1.909908
0.4423056
0.782769
0.5873383
0.3908999
0.381147
1.252458
0.7958007
1.288563
1.419863
